100
2 1
500 300
900
660
2 1
500 300
1500
809
2 2
50 100
450 449
1100 1101
2 1
500 300
300
500
1 8
10
11 13 17 11 16 14 12 18
2 1
2 4
22
36
2 8
6 7
3000 573 4928 1919 2640 3275 4504 1234
3500 4970 2520 652 2165 1302 5658 4024
2 6
3 6
2201 2366 2160 2160 2400 2525
4800 4364 5280 4728 5076 5280
1 8
6
11244 11400 11266 11483 11454 10937 12540 12540
1 6
43155
922428 908115 637926 469586 773648 741485
2 7
210606 114207
908584 946716 385929 905633 712154 630788 865541
601981 622277 101201 696871 377184 745440 917462
2 8
6 1
2353 3000 1227 4480 1970 3960 660 4568
500 540 90 733 773 373 215 286
2 6
9 7
22367 10890 10800 6733 9703 17390
6951 16421 5318 8400 6930 13727
1 2
211370
876538 46269
1 4
2
900 4496 2395 3000
2 8
45085 212480
874240 984194 537068 406574 906509 886870 828210 944453
974441 688585 546035 613675 971730 855387 685953 667053
1 1
10
22137
1 1
4
7856
2 7
4 2
767 4000 9877 2166 1080 8280 3482
1735 660 440 2000 4975 1033 5060
2 5
10 2
964 1051 1051 1000 1100
200 218 197 180 196
2 8
1 5
1 1 1 1 1 1 9 1
5 5 5 5 55 5 5 5
2 1
6 9
11098
16193
1 2
10
51 70
1 7
10
16200 18324 19628 18000 19183 17399 16733
1 1
4
409
1 6
18952
931126 982126 517778 434627 987211 491706
2 2
137325 595471
991936 976106
915807 893659
2 4
4 3
1080 427 1612 733
324 990 1290 573
1 7
4
4011 4488 4420 4626 4696 4840 4388
2 2
5 8
5 5
8 8
2 8
7 7
5719 5670 5913 6832 6272 6321 5733 6640
6732 5798 6321 6930 6238 7007 5980 6272
1 5
5
5 45 5 5 5
2 5
5 3
1080 1803 2250 500 1539
1650 300 990 569 1159
2 2
332490 265033
479495 842659
812508 941904
1 5
3
3 33 13 6 25
2 3
7 10
15750 16641 19152
25915 25775 27500
1 6
1
900 849 800 1875 1283 698
1 8
7
7 7 7 77 7 7 7 7
2 8
25146 90134
876219 326226 650863 861483 927188 986626 353850 757253
859668 899628 734002 999746 994169 427124 866806 680621
1 3
4
4 8 11
2 8
141180 69980
982146 962500 927041 362828 983113 672668 979412 991140
827652 999897 874851 777480 570839 982413 865920 884681
2 3
5 8
1387 550 1056
1638 2246 720
2 7
3 4
5596 5313 5940 5940 5400 5066 5073
7200 6480 6961 7206 6480 6982 6949
2 6
2 8
2118 2227 2208 2294 2373 2420
7920 9292 8432 8425 8875 8832
2 8
2 4
15 12 18 10 12 8 10 22
18 24 36 28 24 20 16 44
1 1
9
908
2 8
8 5
19200 16585 7370 8703 20780 12980 15200 18480
10131 9450 9500 5223 12000 4849 7742 12522
2 4
2 6
875 360 181 600
565 1320 2441 1800
1 8
10
7 8 5 2 4 1 6 3
1 4
4
1080 6174 3200 5485
2 8
10 5
8815 7617 8697 7950 7200 7523 8458 7711
4036 3975 3653 4400 3669 3932 4321 3876
1 5
9
9 17 67 99 63
2 2
6 1
10800 9898
1837 1800
2 1
2 5
22
45
2 4
219025 476444
994590 660700 338423 872288
918807 613829 648717 241749
1 8
5
4000 4073 4400 4000 3758 3645 3919 4143
2 7
7 9
6328 7007 6312 6404 6590 6636 6279
8769 7399 8073 7371 8550 8341 8136
2 8
5 3
3300 2792 3020 3015 3091 2975 2764 3199
1620 1782 1785 1971 1660 1824 1809 1872
1 5
235412
999864 890597 877680 675724 821398
1 5
10
15390 17010 18148 17698 15810
1 3
9
1768 900 2590
1 1
9
62
1 3
5
2458 5850 500
2 5
5 1
2458 1350 13627 8000 10851
2425 330 1600 483 2295
2 8
5 10
5 5 45 45 5 5 5 5
9 110 10 10 10 110 10 9
2 3
29366 458083
779482 352150 871311
946449 855384 929422
2 8
1 1
1000000 999999 999998 999997 999996 999995 999994 999993
999992 999991 999990 999989 999988 999987 999986 999985
2 8
1 10
1 1 1 1 1 11 11 1
9 90 10 90 9 10 10 10
2 2
9 8
1691 1764
1416 1568
2 6
8 2
1450 2400 851 3486 4400 4631
900 600 1223 198 368 843
2 7
6 9
6000 6153 5979 6600 6152 6210 6000
9000 8570 9242 8373 9000 8100 8896
1 3
8
4661 14400 800
2 8
9 9
9909 10408 9923 9923 8910 8991 10460 9891
9909 10890 10089 10186 10185 9851 10989 9891
1 4
3
1160 900 657 324
1 2
1
1041 1000
2 3
8 8
880 20000 17493
16901 720 20000
2 1
10 1
90
11
1 8
10
19 22 30 10 50 40 110 59
2 3
7 8
63 42 51
56 88 48
2 8
6 5
9182 8057 8869 7560 9115 8345 8400 7632
6326 6772 6765 7087 7700 7000 7453 7096
2 1
10 8
50
43
1 5
1
900 924 962 1015 1000
1 6
11681
407652 946607 565116 966818 497832 669368
1 4
3
1929 2190 2343 1896
1 1
8
720
2 6
3 9
5100 5100 5349 4743 4590 4830
15300 15300 15774 16830 16519 14579
1 3
1000000
900000 900001 899999
2 6
8 2
1624 1571 1600 1440 1560 1569
440 400 390 391 402 400
1 2
52839
413900 746090
2 8
1 2
486 700 2310 1490 100 2400 1710 1982
1327 950 200 4800 3780 4180 3899 3215
1 2
2
1006 900
1 6
8
3423 1533 4000 820 4789 2640
2 8
3 4
8250 7936 7500 8208 6771 7583 7500 6750
9959 9000 10487 11000 10004 10947 10000 10000
2 8
4 6
1496 731 400 1800 2885 2594 3200 1200
2346 4800 4036 1221 3675 3300 627 1800
2 2
1 4
5 2
8 20
2 1
1 1
1993
2013
2 4
244703 170688
905697 709848 467537 824898
952033 959812 825159 755028
2 8
196362 85655
878355 814890 525072 998809 973573 963723 754871 901453
605815 870994 935159 833479 944126 734320 893345 890962
2 7
8 4
720 721 783 800 826 880 812
440 405 420 403 360 400 384
2 8
7 6
38 26 46 42 46 63 46 14
23 39 12 36 31 66 37 39
