100
4 3
4 5 6 4
4 2
4 5 6 4
3 3
1 1 1
100 3
65 83 17 64 26 4 22 16 94 25 70 55 76 16 16 26 22 71 59 43 53 92 11 91 94 94 34 25 38 76 91 98 32 1 65 94 85 67 34 49 19 97 62 70 31 76 38 48 27 2 85 77 35 94 91 58 52 92 31 39 1 42 58 76 34 10 73 88 16 33 61 21 64 90 43 43 1 19 23 67 88 52 62 9 22 46 67 51 65 64 48 43 38 84 31 31 33 1 76 19
100 3
79 42 23 85 66 67 90 32 25 4 91 10 85 66 35 5 19 88 61 43 98 95 87 13 97 94 16 37 29 33 40 44 41 40 88 36 67 81 65 28 13 52 37 4 15 43 47 58 82 97 94 77 94 34 73 82 67 91 67 61 85 19 61 85 83 88 50 67 49 28 97 79 58 17 73 98 28 34 71 81 10 58 55 38 76 76 13 28 66 29 92 28 11 85 8 94 17 14 55 43
100 2
30 43 73 97 44 93 80 75 89 14 37 33 56 58 14 88 74 99 39 52 21 74 22 56 51 18 77 21 49 77 45 66 40 61 49 82 93 21 74 45 11 8 97 9 94 53 94 10 31 83 27 24 84 2 21 36 49 45 8 78 56 41 66 8 98 76 61 26 79 75 90 24 51 74 35 17 38 34 52 17 2 46 93 38 64 10 1 73 72 50 38 67 26 41 15 92 75 9 67 39
22 3
74 71 64 68 65 77 91 23 37 86 76 77 65 83 29 92 10 77 17 58 32 62
100 3
53 20 56 37 73 11 83 50 41 44 66 20 17 35 2 77 53 77 44 41 17 73 89 90 22 80 85 86 23 35 26 38 92 23 16 17 83 22 88 11 20 67 41 63 44 16 71 8 74 89 52 65 26 37 62 36 84 96 43 46 43 65 80 8 89 50 28 62 73 2 38 75 7 89 83 11 68 10 50 50 26 92 26 98 57 91 14 81 49 74 14 91 3 75 14 75 23 59 32 68
100 3
68 40 14 2 18 95 50 8 70 8 95 62 44 94 68 89 98 34 65 28 5 6 71 91 41 5 44 50 53 40 38 5 28 91 77 11 81 57 70 38 38 23 53 98 65 50 53 64 57 35 42 71 40 91 38 83 67 2 50 15 89 95 32 58 35 70 39 61 26 65 39 14 62 34 79 17 96 31 47 86 41 59 82 59 2 17 28 15 11 35 2 92 72 20 16 49 37 16 76 65
100 3
47 74 92 47 38 52 46 2 86 23 15 47 5 41 16 70 94 93 8 6 67 98 17 71 89 47 25 83 97 35 14 16 95 17 5 36 11 44 80 87 54 25 35 26 88 17 59 23 2 8 14 61 65 8 41 97 55 64 29 70 1 47 22 85 26 77 88 4 77 8 17 76 83 69 76 76 52 35 86 80 2 92 14 86 22 94 74 79 2 8 92 23 32 40 92 5 22 1 44 62
100 3
22 76 13 60 54 53 95 74 16 97 22 31 45 11 94 34 45 75 11 7 19 5 22 79 98 76 55 10 34 16 38 73 88 4 80 19 49 42 47 5 65 71 28 80 10 85 41 5 70 55 10 11 58 91 42 85 25 83 25 2 76 61 88 87 31 32 59 28 71 65 1 73 32 28 80 8 79 76 52 52 13 21 56 77 74 19 87 44 56 19 18 77 52 7 96 53 31 8 37 50
100 3
25 74 59 55 90 44 47 97 8 39 68 19 59 14 16 62 85 94 53 47 56 77 89 86 83 62 47 41 93 36 88 28 95 14 68 7 25 71 59 44 28 86 44 41 11 76 34 56 15 33 34 80 92 44 35 36 56 98 75 55 22 71 61 4 88 41 98 53 95 46 44 83 53 90 7 73 14 53 71 80 21 41 29 59 23 80 4 47 23 44 68 50 64 16 83 67 25 45 17 68
100 3
91 74 86 59 48 74 2 69 82 90 74 92 66 52 40 90 21 26 88 62 21 65 2 89 11 11 26 80 98 58 23 44 43 52 23 18 53 13 28 80 98 79 3 3 33 20 76 69 88 88 35 47 76 45 44 53 86 29 57 95 92 5 15 19 56 63 43 14 91 89 35 32 19 27 47 5 17 32 71 4 97 7 70 62 98 71 91 98 7 94 37 59 14 8 20 34 21 61 55 62
100 3
97 43 4 50 96 14 23 1 29 29 20 95 29 13 14 53 31 46 17 44 74 86 57 68 96 11 41 78 82 2 92 17 75 58 13 71 1 98 53 8 17 44 35 32 13 31 59 39 80 32 70 22 63 35 41 92 41 14 4 32 96 83 7 83 81 85 68 14 53 77 32 53 91 23 43 30 8 38 67 92 44 8 2 98 62 17 94 23 62 73 35 98 32 70 56 98 56 29 11 29
16 2
79 30 50 38 88 33 81 32 40 54 17 67 26 40 27 82
100 3
5 20 38 2 23 29 25 97 38 40 92 86 13 97 25 31 10 83 85 29 16 37 71 28 19 35 19 55 8 14 44 56 32 26 82 38 34 74 98 52 29 74 17 86 89 79 26 79 95 22 43 32 41 67 91 25 13 70 73 95 34 95 85 53 28 13 2 52 1 4 38 47 73 79 14 80 98 2 35 5 34 49 4 52 46 52 68 7 67 97 61 56 59 25 65 46 62 11 35 7
100 3
98 68 79 17 1 56 62 80 35 84 56 47 16 98 31 42 20 23 25 14 50 32 62 29 95 46 53 29 78 32 8 2 52 80 43 30 90 53 38 64 46 32 29 74 97 38 71 85 18 39 76 62 53 16 41 30 42 17 77 80 50 59 8 82 23 79 80 62 71 69 14 20 22 22 29 79 56 73 73 58 7 16 47 14 59 76 17 23 84 50 44 47 26 4 88 74 14 23 53 29
17 3
23 96 73 97 5 65 38 16 53 34 4 2 10 70 59 82 86
100 3
92 68 1 76 19 88 31 70 82 49 14 73 83 62 35 65 4 50 77 55 35 71 61 62 35 49 19 67 17 26 98 32 88 8 7 70 97 83 55 64 95 32 56 32 82 55 10 41 74 29 82 67 17 50 1 55 55 64 16 67 82 2 2 52 10 55 29 4 88 52 26 71 85 34 82 56 11 85 4 32 29 82 44 8 97 82 50 71 83 19 37 79 55 46 19 83 58 5 98 16
12 3
13 26 11 47 46 91 43 23 51 26 91 23
100 3
82 55 30 56 7 48 11 4 26 79 71 49 61 58 34 71 4 86 97 70 37 28 5 19 62 27 92 69 41 98 38 34 54 16 63 11 53 83 55 94 80 13 53 97 70 76 76 53 26 1 77 69 34 75 9 65 79 53 73 94 22 77 91 17 58 41 74 59 19 62 64 82 67 83 30 4 19 86 58 81 33 9 85 26 5 91 44 10 37 97 93 16 16 19 40 33 74 40 37 29
20 2
14 34 28 40 95 15 51 86 24 12 78 47 41 27 58 81 86 41 69 70
100 3
36 29 80 30 20 11 23 15 19 11 46 68 11 98 44 61 86 7 62 43 58 71 11 11 1 64 61 33 44 34 65 83 65 23 3 76 68 80 32 20 8 70 74 71 92 32 59 38 14 15 53 26 57 35 27 7 68 29 43 64 8 32 50 57 38 11 16 47 82 12 11 44 10 14 2 86 53 11 53 39 89 40 20 14 95 62 76 7 88 26 51 47 80 92 83 41 2 13 67 29
100 3
13 94 83 44 22 37 95 89 1 50 41 97 47 26 53 56 88 89 22 54 60 37 64 88 95 58 53 8 35 69 64 25 9 79 28 86 4 25 76 36 22 88 10 33 65 61 51 5 87 61 71 17 61 50 44 40 34 49 97 48 7 97 98 12 56 20 50 13 46 50 62 74 1 70 91 22 46 19 44 65 85 55 26 52 18 76 29 25 65 45 76 90 65 44 49 28 55 8 4 22
100 3
52 98 37 76 64 8 40 59 20 59 96 80 98 40 43 29 2 70 16 44 25 14 35 50 2 86 38 44 29 47 68 67 74 59 41 42 97 41 2 53 96 23 80 2 39 22 78 59 41 31 74 35 68 57 71 8 2 47 26 65 98 7 18 72 80 61 16 11 59 74 2 2 74 87 70 86 1 78 16 35 33 97 2 98 78 50 26 94 50 42 42 13 80 47 29 17 47 25 38 95
100 3
38 2 89 58 38 75 62 97 23 11 62 47 50 39 55 32 67 41 62 28 76 68 32 20 20 38 41 36 29 65 97 25 19 40 74 95 56 83 28 18 80 95 76 59 86 17 50 1 62 24 19 2 1 75 89 34 47 14 20 38 71 7 26 83 46 91 62 98 34 47 98 17 32 20 95 56 28 20 65 12 34 83 46 71 61 94 5 2 94 62 25 53 68 16 29 41 97 41 25 95
100 3
56 3 43 29 79 90 60 59 90 86 83 37 5 32 52 23 26 88 82 5 71 29 77 42 92 57 59 70 26 74 98 64 86 34 11 32 76 91 60 44 4 74 20 65 80 91 50 95 62 67 86 26 35 93 41 2 2 67 71 52 79 96 37 91 50 28 19 7 65 44 5 83 65 8 73 77 24 50 92 2 41 32 32 38 11 2 80 65 83 16 62 91 37 68 71 50 11 58 64 59
16 3
32 25 58 17 51 28 90 46 73 19 86 80 43 24 43 44
100 3
7 66 37 69 40 46 79 73 75 73 10 97 91 97 94 98 95 11 16 70 86 76 98 29 40 85 37 2 57 25 34 22 5 76 28 56 37 7 44 70 16 13 64 52 22 28 46 88 22 28 22 34 61 64 52 23 38 5 83 68 25 55 26 4 30 30 94 1 52 25 80 19 41 37 72 29 25 4 92 65 64 83 29 34 16 16 58 46 82 95 75 76 40 20 94 64 23 67 67 25
100 3
32 40 1 34 1 94 76 86 42 55 77 8 4 80 49 16 4 96 52 85 61 13 89 55 64 87 73 36 94 31 49 94 67 71 16 40 82 11 56 91 91 25 23 64 62 94 19 12 64 29 59 43 51 29 74 52 31 76 86 73 80 82 44 67 58 68 67 76 28 26 82 73 4 7 65 17 86 7 13 55 46 12 63 76 46 29 95 53 68 56 85 13 88 28 86 39 74 89 73 68
100 3
53 32 86 59 64 86 92 20 84 69 20 7 80 88 41 48 88 55 80 43 69 79 98 37 62 74 41 14 59 33 24 77 8 41 77 47 29 68 59 39 34 26 58 32 86 41 23 14 65 7 68 74 1 70 2 86 74 28 92 7 32 26 14 3 44 95 56 23 60 3 28 81 44 46 32 7 85 86 80 35 95 50 86 97 79 26 11 4 95 94 54 75 5 5 7 95 80 29 17 14
100 3
88 91 40 61 20 22 61 82 83 94 73 79 97 69 62 89 69 64 22 31 68 16 5 9 22 28 93 85 28 11 26 5 40 73 28 85 36 56 80 41 23 67 31 10 91 55 29 52 86 6 19 58 63 25 11 26 28 94 68 74 10 35 58 85 81 39 61 33 98 67 67 61 70 94 58 85 88 49 31 88 9 94 96 34 31 80 33 4 16 49 97 15 33 2 34 73 67 12 41 90
21 3
91 58 12 28 54 95 94 28 80 35 28 89 35 87 10 35 49 29 33 11 12
100 3
44 76 44 33 48 10 22 1 61 61 53 52 3 85 10 53 23 49 37 55 97 10 75 57 13 44 62 80 78 40 11 29 37 88 79 1 16 13 85 1 73 95 43 49 26 64 64 52 22 26 7 29 52 58 5 8 6 52 73 28 58 22 37 73 40 31 25 22 73 10 52 79 1 97 90 55 28 83 46 22 50 85 37 40 37 46 31 59 85 43 83 22 42 12 50 72 76 50 88 67
22 3
95 86 43 83 41 59 8 18 52 13 16 67 61 14 86 44 29 49 47 47 23 89
3 3
14 95 65
100 3
28 94 59 17 71 44 69 74 71 4 20 67 62 17 32 8 48 34 59 62 11 13 62 25 14 75 19 37 35 46 43 53 92 8 50 43 95 37 11 81 38 11 45 80 15 62 74 76 53 37 92 94 89 38 38 24 5 11 63 58 18 10 43 44 14 12 68 80 5 17 80 14 74 98 35 79 68 35 71 74 37 62 59 75 60 75 53 44 89 26 8 80 10 38 89 37 52 66 17 91
100 3
36 4 13 89 73 12 15 59 16 76 55 34 88 19 40 43 98 73 5 85 58 61 13 1 76 68 55 20 4 49 49 76 70 2 12 19 61 69 45 74 85 28 16 23 39 61 71 55 23 85 10 98 31 25 22 48 28 50 67 6 95 61 40 70 23 72 31 27 61 64 35 93 70 82 16 75 92 89 85 40 4 34 55 62 70 2 49 28 51 54 8 34 55 91 12 79 71 37 97 53
100 3
38 32 62 11 7 90 64 55 53 94 18 26 28 23 86 62 49 74 88 20 50 75 17 50 56 97 25 2 38 81 79 92 31 41 88 14 98 77 92 29 80 62 68 98 38 11 74 95 58 4 2 65 7 8 71 94 82 30 51 84 37 8 53 47 53 50 62 54 26 14 50 59 86 56 11 50 41 86 53 46 28 86 73 94 68 11 68 32 77 13 82 83 17 67 20 8 47 17 47 12
100 3
98 53 81 17 6 95 89 52 5 17 41 98 60 25 2 26 77 17 80 1 86 47 49 14 3 47 46 1 32 40 85 76 95 2 25 35 82 59 50 61 85 88 98 23 56 13 14 4 29 94 24 64 64 4 14 82 29 89 3 94 14 20 61 14 65 37 38 28 8 16 54 25 56 43 41 98 40 80 17 98 82 28 38 30 21 98 98 74 46 44 32 85 47 67 81 23 53 5 28 53
100 3
41 55 1 61 55 44 70 16 8 32 76 73 88 58 83 55 40 88 67 7 52 9 82 4 97 22 43 79 28 26 37 80 41 22 47 8 44 89 55 91 49 85 49 73 77 22 56 70 7 34 20 35 58 62 44 94 19 54 40 91 30 67 82 19 14 88 13 76 85 14 64 79 91 12 38 58 85 68 52 43 62 85 36 88 79 7 43 87 79 61 1 13 64 59 21 79 9 71 4 55
2 3
37 31
1 3
58
100 3
50 23 4 76 23 61 86 52 85 64 94 74 71 74 40 74 79 98 13 52 2 91 45 52 70 17 19 8 44 24 94 11 70 82 25 55 76 75 82 18 61 37 29 37 10 40 77 40 83 72 70 43 83 14 79 40 28 67 82 70 61 83 67 52 67 64 13 74 60 63 73 86 17 44 70 76 37 85 94 14 55 51 20 28 22 55 13 63 26 22 78 67 68 52 89 6 82 58 83 1
15 3
10 50 74 16 40 16 92 20 4 35 64 10 41 32 79
100 3
1 2 82 8 66 79 97 97 44 46 82 97 56 61 67 61 11 13 55 28 85 55 1 70 97 91 13 16 35 1 73 55 67 72 52 26 51 19 82 58 43 74 88 73 91 22 44 17 43 46 97 11 96 89 31 14 10 26 29 25 37 67 19 28 58 58 65 71 19 32 11 17 18 85 5 75 77 28 46 73 85 37 42 61 76 45 34 18 78 88 59 13 70 94 52 28 28 10 37 65
100 3
10 10 53 67 87 74 62 55 16 80 73 22 28 31 31 4 73 32 70 43 7 55 22 76 70 31 72 49 94 12 84 40 49 80 26 19 52 82 95 74 31 8 1 75 34 87 66 4 33 50 76 14 14 7 7 94 11 40 55 58 86 34 79 8 79 10 50 77 94 77 49 63 22 94 65 40 56 19 5 25 7 34 44 95 85 74 64 40 89 97 43 95 93 16 73 26 9 10 67 50
14 3
83 31 22 44 34 44 49 38 49 82 7 39 83 91
100 3
8 97 95 32 5 80 89 1 13 27 56 89 32 32 26 92 92 31 64 44 83 68 71 61 25 26 68 39 65 4 37 34 19 50 23 2 80 66 10 22 58 23 83 34 29 45 17 35 92 74 92 95 98 62 48 58 71 86 23 41 68 94 1 68 59 89 44 19 53 98 94 59 33 20 97 2 66 71 37 19 23 80 74 62 36 23 94 8 23 58 83 26 80 17 64 68 46 5 35 98
100 3
38 22 28 23 34 34 25 64 16 77 20 85 76 34 65 31 31 3 41 34 61 35 50 10 22 73 60 25 80 29 43 73 20 43 47 25 13 55 77 89 19 93 85 24 43 73 55 80 69 37 41 52 37 86 72 49 76 64 40 14 58 59 52 95 52 35 1 16 40 20 79 23 79 65 7 34 88 51 82 37 16 73 88 50 22 64 40 87 67 26 92 1 78 98 70 49 61 76 58 87
100 3
23 50 2 16 68 56 61 22 61 17 14 45 44 70 95 18 25 85 80 97 98 88 82 90 59 41 61 20 81 11 16 19 94 19 13 2 73 53 13 12 91 74 91 58 37 21 33 74 19 80 55 62 34 88 41 34 49 61 4 61 76 70 67 44 89 43 31 55 94 31 34 23 88 62 33 28 73 83 28 76 59 85 49 74 50 62 22 58 79 91 25 41 73 88 52 31 49 89 6 52
12 3
50 58 44 65 70 76 44 83 76 52 50 16
100 3
28 82 73 49 52 24 50 37 47 91 52 64 22 73 53 8 64 59 49 96 62 58 72 1 52 65 49 97 74 26 61 70 95 52 80 62 50 97 61 28 84 94 43 91 85 56 67 16 89 56 25 55 38 88 83 45 40 22 76 38 5 82 52 94 38 91 36 54 95 84 71 53 91 54 70 1 58 87 50 10 13 7 79 45 46 21 88 85 76 55 8 60 76 73 49 24 34 94 46 32
100 3
52 40 64 98 84 31 11 10 13 70 70 50 82 85 61 13 95 73 94 21 53 14 63 31 55 95 37 25 47 9 90 85 88 40 22 19 98 6 53 25 34 82 61 64 83 57 89 89 54 28 78 7 70 86 46 3 61 73 31 59 13 81 55 59 17 40 16 74 1 64 94 61 45 19 38 83 13 13 8 1 80 1 97 25 46 23 7 46 17 92 42 49 79 1 62 55 31 94 38 1
100 3
50 89 32 62 56 12 42 20 74 42 83 74 87 88 11 55 19 20 62 71 54 38 13 97 92 7 98 77 50 10 91 77 8 91 44 61 35 41 92 63 83 17 44 72 44 86 67 45 68 51 71 68 26 68 47 17 91 3 88 41 85 78 71 59 29 86 79 32 50 38 65 43 59 27 1 91 97 86 77 35 29 38 70 79 5 84 53 82 68 2 13 64 68 70 2 73 62 39 86 62
100 3
88 78 34 75 33 77 70 34 43 54 91 19 47 55 42 95 79 58 67 8 4 46 37 32 71 64 86 97 77 98 68 28 89 66 48 71 35 50 61 23 94 72 52 16 13 19 86 98 44 61 56 72 46 29 5 28 52 81 8 52 23 2 19 37 52 12 23 25 70 91 91 27 42 16 73 70 25 52 43 62 70 57 5 25 23 56 93 97 91 95 84 61 98 78 94 98 53 43 91 61
100 3
10 47 26 77 89 78 43 5 26 21 50 2 5 41 14 89 23 65 40 41 82 20 37 38 25 28 25 80 47 53 83 64 14 67 94 7 5 94 86 84 23 96 95 98 44 84 59 87 77 98 74 98 2 45 71 17 17 51 71 56 5 40 86 14 65 73 35 43 16 8 1 95 23 92 26 12 49 80 32 25 74 12 14 17 91 37 83 47 70 48 92 35 88 65 40 5 2 30 8 26
100 3
73 25 96 25 21 66 94 15 17 5 89 26 38 49 86 31 64 25 45 87 58 53 35 8 71 32 93 23 42 12 16 89 13 22 60 62 18 58 13 50 53 41 70 9 28 9 88 27 24 32 39 33 69 85 74 29 78 68 47 23 5 51 62 37 70 92 6 19 19 91 77 30 48 88 2 47 14 77 17 42 7 13 18 73 35 49 31 40 6 18 34 42 45 30 48 73 15 73 49 84
100 3
54 64 26 29 82 41 14 24 2 96 64 56 26 32 77 84 77 29 68 26 6 95 70 25 56 23 72 28 45 70 1 95 17 98 56 14 85 71 35 87 58 96 53 74 62 68 58 70 83 10 32 14 29 65 19 50 73 1 39 63 95 40 97 16 35 5 63 26 95 5 24 62 42 14 50 82 14 50 80 62 74 52 32 78 89 74 20 44 38 47 39 59 53 83 20 83 86 98 37 10
23 3
34 94 4 44 1 22 91 19 62 10 98 19 44 23 85 32 76 37 67 25 22 46 65
100 3
43 35 42 8 98 89 89 87 11 77 11 61 77 47 88 65 19 25 73 3 90 44 26 46 22 77 2 80 73 50 8 38 97 40 47 65 67 48 2 75 56 31 50 79 79 7 14 47 20 17 75 23 82 41 58 74 82 19 71 89 57 25 60 50 14 86 78 44 53 40 56 20 63 17 89 32 23 62 44 23 47 61 71 29 62 38 62 76 62 89 51 82 50 95 22 1 65 56 34 16
100 3
40 93 16 43 70 22 13 35 65 91 62 32 87 82 31 94 17 49 35 50 8 60 34 49 91 40 98 76 16 25 94 38 49 19 49 7 83 7 34 1 59 25 44 79 97 81 85 59 25 34 58 38 37 61 31 28 85 85 61 44 27 88 89 98 2 52 88 40 41 7 88 9 61 40 47 97 97 96 23 24 31 62 89 29 17 11 34 31 41 31 31 82 4 22 28 35 77 4 47 13
100 3
13 18 17 67 20 23 55 8 46 20 26 83 95 25 41 18 92 13 86 89 77 9 65 64 50 71 29 56 85 16 35 27 65 15 1 71 5 2 67 73 32 6 86 88 43 48 25 84 67 70 85 92 90 77 32 61 40 92 86 40 5 47 57 17 62 92 27 50 35 46 17 35 32 8 62 46 23 74 53 80 41 88 22 62 91 89 14 88 8 40 45 74 62 65 37 44 96 56 45 26
100 3
8 4 23 17 85 53 22 68 53 80 86 47 56 72 44 2 89 95 80 53 44 14 55 2 80 26 2 11 8 53 85 1 38 35 20 14 96 91 88 55 31 35 13 59 97 62 18 32 62 98 53 85 28 97 77 51 71 26 64 15 62 72 50 30 86 80 80 65 83 56 49 62 13 2 2 40 32 47 76 73 59 4 65 5 14 91 53 8 26 86 83 35 29 38 47 97 68 59 83 90
100 3
11 59 64 2 22 65 23 38 61 57 91 76 17 49 95 26 68 29 88 79 71 27 58 88 44 23 33 5 89 10 43 77 35 95 29 2 7 5 65 37 59 74 19 61 63 38 61 53 71 23 61 41 52 28 4 81 27 47 67 92 80 74 4 9 98 35 16 68 65 75 96 55 17 98 91 89 98 8 52 86 14 42 41 71 38 35 23 32 62 71 61 89 53 88 98 24 59 44 50 89
100 3
76 58 70 55 82 98 43 83 55 9 62 61 56 34 78 41 74 65 23 73 4 37 35 80 61 38 40 25 59 46 91 70 2 9 28 23 47 64 6 94 19 67 18 17 49 25 60 50 31 34 41 4 4 17 95 77 77 62 37 29 95 28 65 96 44 93 77 70 4 14 81 91 94 64 5 63 97 25 67 37 1 76 40 85 17 17 47 86 61 82 31 25 49 40 58 22 7 83 97 4
100 3
23 62 53 47 70 26 55 17 49 32 92 55 62 50 40 46 8 20 8 58 62 68 95 11 35 49 62 55 65 38 83 29 62 78 44 58 76 87 38 1 23 8 32 1 71 71 41 71 2 52 88 83 77 74 51 56 74 41 47 53 86 19 56 47 62 78 89 23 41 42 76 56 7 95 50 96 94 75 79 23 92 98 35 83 61 22 8 11 94 92 89 23 29 8 29 29 79 86 53 40
1 2
28
100 3
11 85 80 56 89 56 21 59 77 20 56 88 52 20 34 59 50 23 50 88 62 91 93 5 79 59 23 1 68 74 63 91 40 8 59 17 5 8 62 31 2 90 32 11 82 39 5 53 68 67 35 97 82 80 11 38 89 59 23 67 45 83 92 48 38 95 11 92 40 95 1 20 4 35 79 78 13 95 43 92 20 83 50 95 50 60 62 35 64 5 86 62 34 92 38 95 83 98 65 80
2 2
5 85
100 3
2 44 26 83 47 86 41 29 49 22 26 89 56 74 51 43 56 93 7 58 54 98 59 47 71 93 91 98 56 83 98 63 38 42 75 95 50 83 3 82 35 17 40 68 17 30 53 20 56 71 40 80 90 61 56 19 46 79 93 44 89 14 38 47 55 62 92 81 37 42 14 17 88 17 14 98 68 95 4 62 82 10 82 23 40 11 86 50 73 65 5 44 18 44 55 12 83 20 52 11
17 3
87 59 43 86 20 37 96 77 86 51 85 24 37 56 8 40 22
100 3
13 49 41 19 31 69 1 94 88 97 44 68 61 40 1 70 52 43 67 52 45 5 92 7 78 15 15 88 32 4 70 31 73 25 94 10 91 20 55 14 34 61 26 19 81 17 65 91 50 65 64 37 52 49 70 76 18 19 82 94 76 85 94 34 76 16 32 67 73 70 38 46 17 67 67 52 68 13 76 5 37 47 82 68 49 97 37 92 82 68 54 92 19 22 2 62 74 10 31 56
100 3
16 4 88 70 55 45 31 28 71 31 1 86 4 6 16 70 62 67 40 13 79 67 10 97 15 1 38 94 25 1 5 52 73 65 52 60 88 1 75 9 65 48 13 46 30 42 67 84 24 83 79 70 37 23 91 34 7 52 52 25 52 98 7 26 10 24 40 79 61 74 49 62 79 71 64 6 22 13 10 32 76 64 92 75 61 54 50 82 77 88 95 19 26 83 41 85 58 2 40 25
100 3
17 8 69 85 8 4 22 50 22 92 65 39 71 38 77 44 19 44 98 58 71 14 65 56 23 38 92 16 71 56 14 47 47 63 80 98 63 53 78 37 62 4 29 62 48 58 50 80 74 17 82 74 46 8 94 17 66 41 8 70 86 44 98 70 25 32 94 83 23 62 7 71 91 59 68 56 68 39 74 92 95 62 50 11 25 77 36 68 98 71 53 68 97 2 12 86 35 8 92 54
100 3
9 97 2 31 15 4 34 88 52 64 25 43 29 50 35 88 91 13 16 13 10 23 67 82 41 68 94 29 76 28 18 27 98 46 4 10 34 4 88 88 72 76 82 55 94 41 94 34 51 34 15 76 91 38 28 71 37 85 19 13 71 2 70 28 37 82 58 96 31 65 58 7 73 64 80 31 71 57 40 67 31 49 97 10 34 85 40 34 67 16 62 1 69 4 2 89 97 13 4 46
2 3
5 23
100 3
76 11 37 5 38 52 87 88 26 67 64 41 10 34 76 15 50 14 95 49 62 14 79 47 80 46 82 85 43 39 40 15 17 77 95 89 91 31 4 54 55 58 46 88 88 58 25 85 13 68 2 58 95 76 12 36 56 5 49 87 37 56 80 25 34 65 31 88 77 25 57 57 13 3 25 63 32 52 40 76 64 71 43 40 60 55 31 88 61 61 10 13 92 11 16 79 56 9 76 34
100 3
46 94 84 34 67 32 11 20 97 70 10 81 35 87 88 21 61 61 62 23 28 91 17 14 2 28 54 57 1 94 85 26 18 55 35 34 79 71 5 19 45 2 43 52 94 39 73 94 35 40 23 91 96 73 22 52 67 43 94 94 52 89 1 73 56 73 34 85 71 44 16 64 7 47 68 67 45 31 13 94 82 80 40 50 76 33 20 46 30 77 94 46 1 1 13 53 30 19 8 41
100 3
1 85 4 88 10 40 67 70 21 50 41 91 88 58 31 34 55 28 76 72 48 73 43 19 8 13 83 94 16 71 8 85 25 46 1 16 85 67 53 43 76 6 64 4 84 82 61 79 64 51 68 9 94 10 75 46 17 43 85 97 85 80 90 2 50 78 82 24 42 97 94 56 92 48 1 61 5 62 95 73 43 47 81 48 37 40 92 88 58 37 47 43 18 73 79 37 79 62 13 68
100 3
50 38 62 28 98 18 59 53 85 89 42 12 58 37 23 32 47 74 62 68 91 62 26 31 36 31 5 33 98 55 8 98 35 67 37 10 55 6 1 75 35 18 45 32 47 7 20 92 19 29 92 25 14 77 40 35 44 21 88 59 5 2 14 11 11 86 35 52 44 95 80 92 47 98 71 11 19 21 26 28 69 49 8 8 41 98 76 80 74 98 83 35 74 5 23 34 35 60 14 37
100 3
23 62 48 98 56 25 51 65 55 25 1 52 13 43 88 37 44 46 59 58 71 82 39 10 4 5 19 37 88 67 28 35 82 85 52 98 97 55 70 71 4 46 61 64 57 16 46 67 22 95 49 60 43 34 32 97 85 70 47 70 87 64 55 20 19 53 62 82 92 97 8 17 61 91 91 1 95 30 49 43 22 1 82 61 94 76 35 18 17 43 27 3 13 95 86 97 29 41 69 33
100 3
66 59 41 41 82 91 83 85 38 94 47 76 74 33 60 2 22 50 59 11 92 97 50 70 41 8 5 70 98 44 52 19 85 2 17 92 83 38 17 95 73 44 98 47 95 17 54 74 71 53 35 68 5 5 60 58 13 80 38 68 32 80 68 95 30 35 65 1 1 77 76 76 86 73 86 31 54 89 17 74 32 79 87 95 77 59 26 89 2 42 76 74 76 24 91 17 20 79 35 47
1 2
11
100 3
52 71 16 5 4 87 76 14 26 61 33 49 47 70 55 13 79 73 42 88 95 1 61 82 74 40 70 37 64 19 71 32 25 79 49 13 16 5 2 73 76 7 13 28 16 85 25 43 40 32 71 49 66 28 58 43 86 40 52 15 7 28 14 6 98 73 64 28 13 25 3 58 48 89 21 19 19 56 85 7 85 90 46 84 58 52 13 91 20 59 16 96 58 92 95 40 58 89 79 70
100 3
20 56 13 92 38 80 5 1 80 58 56 71 14 13 66 14 49 64 82 91 82 1 74 4 71 86 70 92 72 55 10 67 94 17 60 60 85 97 37 64 83 13 84 61 28 51 68 46 76 77 55 40 43 80 5 70 52 75 43 65 67 43 69 49 97 84 6 64 42 64 46 19 14 88 20 31 75 1 34 53 86 50 68 85 37 86 7 64 89 25 30 5 50 75 70 85 73 25 91 8
100 3
52 67 2 28 1 71 46 31 13 85 64 5 76 19 86 40 37 40 4 53 15 64 55 34 20 70 70 54 94 40 43 4 46 19 43 59 4 97 68 61 16 94 39 40 50 17 37 16 74 28 80 76 36 86 19 80 76 74 64 80 19 26 14 83 28 24 46 65 28 14 34 28 80 44 67 64 70 5 32 23 33 4 7 29 88 67 82 36 77 13 88 73 25 91 23 14 58 88 58 32
100 3
55 73 55 65 22 73 62 37 79 40 1 13 16 50 80 65 53 89 10 74 28 10 62 23 31 77 73 94 46 82 82 66 38 67 13 41 16 31 79 62 2 50 52 64 46 83 13 31 70 67 84 37 34 4 77 41 92 61 2 34 70 74 58 26 92 1 46 70 28 14 94 43 19 40 52 57 10 97 7 7 54 98 34 77 80 47 56 50 70 58 4 15 53 58 20 72 23 97 34 70
100 3
43 22 14 61 69 16 74 41 28 48 57 97 82 70 61 58 13 79 38 43 22 40 68 22 95 21 22 94 41 29 34 16 34 40 49 9 17 91 97 58 77 20 88 42 70 68 88 55 80 46 14 97 80 55 31 43 91 59 89 94 8 64 2 79 20 63 91 48 45 82 7 46 79 47 34 91 16 49 37 97 53 16 67 91 79 83 52 73 58 55 82 37 37 47 94 28 88 56 34 52
1 3
80
100 3
38 41 97 76 2 17 62 80 11 62 52 28 2 58 13 52 40 44 25 14 33 20 58 74 26 38 47 20 93 56 79 89 10 12 50 83 66 68 11 43 73 98 24 34 72 35 14 8 31 49 59 86 58 85 50 55 74 54 91 79 67 31 38 49 98 98 74 44 31 23 35 77 5 68 50 80 29 62 53 68 71 88 75 45 92 81 62 58 23 58 25 35 29 73 20 17 15 83 60 73
100 3
58 22 97 94 61 80 64 94 94 33 55 37 4 80 83 87 1 91 58 75 1 16 42 27 89 76 29 98 52 73 50 89 25 23 73 97 97 28 31 7 43 58 92 94 73 73 77 6 55 14 37 26 87 36 62 1 34 7 31 52 96 20 76 58 5 10 11 70 54 43 91 7 44 64 19 66 19 10 54 87 72 23 16 59 16 82 38 94 22 44 7 20 13 34 1 64 31 40 16 76
1 3
39
100 3
38 38 57 68 29 50 65 89 47 23 77 34 29 20 7 74 62 13 17 4 98 80 61 71 70 92 32 96 86 1 33 46 35 49 50 64 89 85 58 65 46 10 47 11 92 87 74 17 28 7 40 98 29 14 65 6 11 81 7 74 32 50 83 52 26 93 68 5 26 43 62 4 69 48 55 53 94 40 61 76 62 45 41 32 91 58 66 68 87 77 15 26 8 63 32 98 50 52 68 91
19 3
79 82 19 56 14 10 11 79 87 16 10 93 93 60 52 28 36 95 56
100 3
29 80 87 86 92 49 50 19 78 80 64 62 1 53 14 13 76 47 8 77 44 67 86 3 64 14 40 74 11 11 32 8 92 76 80 26 55 68 62 2 11 98 17 37 29 10 53 29 11 95 80 51 2 20 59 65 26 44 14 42 74 55 10 33 94 56 79 20 39 47 47 52 61 14 95 41 70 50 82 68 94 74 68 33 65 8 85 53 17 53 80 62 65 44 32 41 87 86 98 63
100 3
73 48 49 4 10 11 41 67 2 88 89 17 25 37 13 64 88 80 97 70 4 85 84 79 15 28 37 67 4 91 82 86 73 5 1 40 85 80 31 92 23 95 28 98 91 20 38 88 98 47 46 51 64 37 85 1 70 44 89 58 1 16 62 88 97 67 4 53 96 19 62 10 28 91 25 76 37 29 8 17 85 82 46 46 37 4 87 68 94 61 55 38 55 97 76 16 48 75 2 46
100 3
62 47 53 49 22 92 9 46 20 31 46 85 1 55 19 13 73 76 31 44 46 22 85 22 31 28 88 34 28 85 7 46 68 58 21 62 2 49 11 10 35 43 68 7 11 2 70 43 88 91 70 82 28 34 60 67 8 10 65 95 82 5 37 31 16 73 55 83 31 65 11 80 70 46 73 79 80 32 79 85 68 41 4 31 62 83 31 83 58 67 19 77 59 38 22 41 22 13 28 26
100 3
79 41 58 49 54 7 7 50 1 34 7 72 79 43 35 34 27 49 95 28 35 43 12 41 10 25 59 94 79 85 43 10 27 14 28 94 87 32 74 3 22 14 25 94 97 25 85 70 35 32 55 73 31 53 25 29 56 18 56 37 43 52 58 94 66 66 47 10 95 8 25 40 16 38 64 8 73 72 50 8 94 55 35 71 85 86 20 61 76 49 48 95 85 19 80 67 91 53 68 43
100 3
87 81 56 97 49 73 68 13 86 86 26 54 18 59 85 10 97 50 67 26 55 1 76 72 49 42 40 42 18 79 25 16 98 52 13 30 15 64 14 37 64 46 86 44 97 70 94 64 82 43 74 31 41 67 61 46 13 85 73 13 55 64 90 7 56 91 65 59 88 49 35 79 97 70 1 90 83 59 58 59 13 22 94 64 92 29 64 59 94 41 80 29 79 9 22 4 77 73 1 56
