100
4 3
4 5 6 4
4 2
4 5 6 4
3 3
1 1 1
100 3
49 37 91 44 94 52 85 44 31 97 37 69 22 80 84 5 87 79 20 58 72 61 94 82 36 61 74 12 58 40 50 67 46 49 93 1 49 87 70 34 91 19 90 30 5 76 61 63 18 70 28 71 66 32 71 30 27 28 65 8 85 8 11 33 97 13 86 53 20 46 34 85 39 97 45 34 1 55 43 49 41 28 67 67 83 64 76 69 71 49 25 7 40 52 67 70 86 49 96 46
100 3
82 88 28 64 11 94 24 9 58 47 16 44 2 32 10 32 74 90 76 9 97 42 55 13 88 98 22 26 13 79 33 29 68 58 13 31 49 24 25 50 81 70 22 57 84 64 70 34 76 83 58 77 17 64 61 63 52 10 91 28 29 90 71 13 11 59 7 13 76 24 4 52 60 23 65 50 46 73 23 1 57 73 68 79 96 13 48 44 58 58 61 4 31 21 80 89 52 28 46 58
100 3
8 76 82 22 73 16 47 79 10 19 62 49 34 82 31 54 73 20 76 9 4 97 7 85 59 80 16 34 56 22 18 61 34 49 45 49 79 41 51 98 64 38 79 64 1 85 34 94 12 37 72 34 82 65 8 84 79 78 24 16 46 17 97 76 7 61 29 73 79 52 88 89 25 84 16 52 71 94 21 25 52 35 23 25 50 83 13 88 73 4 79 67 8 15 52 75 7 95 16 49
100 3
61 7 91 43 56 88 89 70 34 61 35 37 43 66 85 94 7 89 46 76 73 63 76 31 45 74 43 68 55 18 60 14 1 67 92 22 34 97 73 73 43 41 67 20 16 35 88 58 91 2 2 83 93 7 10 2 31 67 67 20 16 34 30 24 78 17 45 74 47 20 43 32 1 46 28 39 89 35 55 46 38 37 92 21 12 72 34 87 62 65 83 4 1 28 70 16 59 70 25 19
100 3
50 89 4 77 47 77 8 52 16 59 20 94 83 8 29 56 55 47 8 44 67 51 28 20 91 61 34 62 11 89 35 67 91 81 54 30 35 98 34 43 50 52 8 56 58 62 23 40 53 93 18 85 18 41 65 26 65 8 86 47 86 96 71 77 26 34 35 43 23 5 68 20 49 65 66 36 34 98 14 80 94 43 97 50 62 59 12 92 59 31 37 89 56 29 53 38 53 23 11 19
100 3
67 92 41 56 50 32 16 22 80 22 13 29 56 10 92 22 61 8 86 71 5 11 32 80 58 79 67 38 70 19 40 14 28 62 28 16 52 11 49 53 91 8 97 14 8 64 22 88 59 22 64 55 41 43 19 43 20 89 73 23 26 22 26 82 50 43 1 37 94 95 40 31 92 82 52 97 37 16 5 25 47 92 29 59 70 20 83 25 97 37 61 32 80 64 58 59 67 31 68 88
100 3
56 53 94 68 62 95 50 77 66 83 28 59 14 59 42 2 26 60 15 21 47 77 86 47 19 55 6 98 72 95 68 61 69 56 75 44 4 95 2 31 47 7 58 5 97 55 56 50 67 71 79 65 53 88 16 89 81 98 2 7 47 52 89 70 15 69 26 51 17 95 53 8 56 30 34 3 50 47 92 74 51 51 39 1 2 11 35 18 82 79 62 32 62 58 60 34 20 58 41 95
1 2
37
100 3
97 70 98 15 88 13 23 47 86 25 23 4 44 25 68 26 53 14 79 4 14 86 97 73 29 8 74 92 1 19 34 50 59 52 95 92 79 66 56 23 86 30 98 86 7 32 16 20 16 89 62 86 59 83 25 15 32 52 86 38 19 80 31 52 79 56 13 55 76 88 28 82 89 13 1 11 65 26 14 13 92 60 48 80 55 79 65 39 29 83 13 89 83 19 5 53 16 69 53 1
2 3
2 26
2 2
3 9
100 3
30 16 34 70 64 22 32 34 24 85 35 97 79 66 40 58 87 1 55 98 50 25 29 89 71 6 7 70 4 83 42 16 67 79 70 49 43 98 1 70 68 52 13 51 49 32 95 47 34 92 5 70 68 79 91 88 37 4 44 11 42 43 73 97 17 40 91 75 7 5 62 46 11 30 28 32 17 73 70 43 47 58 70 88 10 94 17 25 58 51 7 19 6 37 88 28 49 95 25 13
100 3
74 95 47 74 46 71 92 38 11 68 34 95 8 16 40 58 8 61 40 38 50 13 74 68 80 80 32 74 40 74 86 77 50 43 38 11 73 84 21 53 71 14 94 94 68 50 79 29 21 17 32 31 8 76 47 49 17 76 21 29 65 33 68 43 14 44 74 29 19 94 35 9 23 92 26 2 83 28 65 17 95 14 77 48 17 26 23 41 83 85 19 5 50 59 70 14 89 53 26 26
100 3
13 7 73 52 28 10 82 63 25 43 91 70 34 43 16 47 79 25 40 33 63 19 64 79 76 98 19 69 79 16 4 14 38 28 19 61 76 56 67 10 49 88 73 91 17 32 50 90 9 52 28 61 62 65 61 55 2 14 34 1 70 56 32 30 70 37 49 82 15 97 53 90 68 88 49 91 11 31 29 94 19 74 95 46 89 36 82 11 83 59 16 73 70 60 97 47 14 1 74 49
100 3
68 38 27 49 53 40 90 65 82 76 3 77 80 9 10 41 8 25 86 35 26 94 72 74 89 66 22 46 7 88 80 22 91 89 87 58 10 77 23 52 13 82 19 10 95 1 35 97 7 62 92 74 19 82 85 76 58 67 27 52 17 94 83 52 67 16 82 31 14 5 15 31 55 49 37 95 4 10 31 94 76 5 85 13 58 67 55 29 94 67 10 92 73 4 70 82 92 73 4 40
100 3
1 76 92 28 94 40 28 77 68 25 37 17 46 22 58 32 85 1 89 11 13 36 67 46 67 66 10 23 26 32 65 52 91 23 89 88 15 53 14 37 94 93 73 74 30 45 64 55 76 76 33 31 61 19 48 22 55 50 55 28 2 54 7 14 4 25 13 55 16 41 22 43 26 58 9 8 8 13 16 40 11 72 75 34 94 62 46 74 56 16 58 91 45 64 44 31 79 2 27 20
100 3
55 35 31 64 11 62 29 16 7 34 52 17 58 32 8 52 37 88 94 40 82 68 68 5 60 91 1 14 32 4 64 40 40 4 55 34 31 10 39 58 25 16 46 29 19 52 49 98 98 61 83 18 49 91 73 23 7 25 67 27 52 88 61 97 77 73 70 25 57 31 50 7 34 67 20 41 69 59 64 72 76 32 43 64 38 95 56 22 41 10 88 13 45 74 53 82 61 16 82 13
100 3
12 63 53 94 13 25 67 31 77 40 88 91 20 55 57 65 52 89 7 59 75 36 81 64 13 54 46 25 2 1 59 70 34 61 69 61 64 16 28 56 55 40 26 96 73 31 76 43 37 5 38 89 7 55 71 26 44 5 81 73 62 88 34 23 50 7 63 6 58 37 92 10 46 42 86 64 7 83 73 16 73 25 79 94 7 16 4 47 40 82 7 53 16 19 15 65 19 14 79 44
100 3
58 74 93 47 20 59 92 97 43 47 98 26 10 50 46 79 75 39 88 23 65 83 50 55 20 2 95 71 17 26 45 74 20 14 50 98 44 8 79 49 41 53 14 47 8 89 98 92 73 48 54 34 95 17 26 62 71 19 86 18 71 14 1 65 47 92 15 7 97 50 56 18 32 86 96 5 45 29 5 1 35 14 10 56 80 25 10 74 65 88 86 1 14 17 92 17 29 31 16 44
17 3
67 71 49 43 18 38 86 38 43 89 89 25 28 59 71 70 34
16 3
77 76 74 91 85 67 65 4 89 94 89 56 82 11 14 22
16 3
32 34 55 43 86 17 62 8 82 1 10 71 40 18 44 92
100 3
61 10 28 75 58 28 82 8 22 39 64 89 23 2 22 16 37 11 17 1 46 31 82 93 22 10 17 54 19 90 54 19 62 44 61 92 20 39 56 37 36 52 4 1 25 78 46 50 77 55 3 38 9 61 50 4 81 76 67 84 98 75 61 47 34 53 47 55 68 81 25 1 10 76 65 73 22 31 19 34 25 23 39 7 8 82 96 65 56 64 40 79 80 62 64 85 53 31 94 85
100 3
56 23 41 17 83 65 12 32 89 38 86 20 8 26 32 86 89 44 62 23 38 20 33 22 16 11 31 16 60 2 92 79 23 2 86 65 89 64 53 74 91 55 97 73 74 88 32 41 71 41 48 4 19 91 50 9 71 29 17 86 23 76 85 10 73 74 15 27 43 38 20 17 98 5 35 26 98 8 64 5 11 89 53 56 68 74 43 62 83 50 17 77 95 43 20 83 80 64 22 36
100 3
56 65 46 25 8 79 91 89 55 35 69 32 3 96 37 66 85 41 43 17 14 49 77 53 46 8 13 44 77 20 96 92 64 74 46 63 41 73 92 20 11 62 41 13 83 80 50 44 47 31 86 11 47 14 53 33 29 32 65 76 80 98 76 34 32 20 25 35 30 5 95 32 43 25 25 7 8 11 66 41 29 82 22 73 92 70 43 92 97 57 70 58 92 8 80 89 35 12 9 77
3 3
83 50 74
100 3
43 88 59 94 84 17 29 26 67 5 29 92 68 78 38 79 41 42 52 22 4 78 45 97 85 32 85 16 20 54 38 5 69 63 76 11 23 40 95 73 79 26 71 17 86 11 53 59 44 29 62 68 86 97 77 53 14 59 93 32 2 14 45 31 38 98 9 8 5 97 65 97 89 7 14 62 14 96 5 24 2 71 95 28 23 41 32 98 80 62 17 65 20 73 22 50 11 17 95 80
100 3
29 68 67 56 14 29 92 98 93 89 14 56 98 5 5 56 28 14 50 37 1 32 88 68 71 65 53 12 15 80 11 35 85 14 8 14 38 50 62 44 43 62 73 56 68 48 11 2 89 98 52 44 73 22 57 67 82 28 12 72 87 50 89 10 96 34 40 14 92 1 59 19 46 36 77 66 56 49 38 40 17 97 8 42 62 90 77 16 65 87 49 13 25 98 89 13 26 85 53 83
100 3
14 49 74 77 11 38 97 81 14 61 80 35 59 83 14 66 4 10 38 65 47 1 98 47 11 80 85 74 26 56 41 59 93 20 8 8 5 61 44 35 55 67 14 70 34 92 98 68 89 38 80 35 23 51 26 66 67 65 79 70 34 14 20 98 47 26 20 19 7 29 98 80 50 68 74 5 43 74 50 53 68 44 58 81 11 17 87 7 35 29 65 32 47 2 62 65 71 32 83 72
100 3
61 76 16 22 25 89 16 70 43 44 67 36 28 95 17 93 59 3 25 16 16 34 58 51 1 71 79 94 41 76 28 20 97 2 64 65 58 89 10 19 67 5 91 58 81 29 10 80 65 94 44 16 64 77 41 88 95 56 37 4 16 71 41 70 93 92 84 89 5 39 38 41 97 11 77 74 73 4 40 85 65 22 13 91 94 67 31 28 64 55 71 52 86 94 19 83 8 58 8 97
100 3
94 46 35 80 5 10 92 92 53 39 92 16 56 68 61 98 80 85 41 73 68 24 59 95 95 51 56 23 7 23 41 71 74 65 66 5 74 63 56 77 31 77 20 22 95 15 59 14 44 85 37 18 14 87 29 53 82 22 54 75 78 56 55 53 79 3 32 20 37 62 35 98 79 2 73 37 2 77 27 71 47 76 92 83 35 74 37 60 68 70 35 49 11 97 7 32 71 92 65 91
100 3
4 8 49 79 56 57 92 31 93 7 77 52 31 1 95 65 63 1 20 1 50 52 59 73 17 15 65 40 43 31 90 52 57 40 43 17 73 79 61 25 65 79 19 74 94 93 16 79 5 85 94 79 48 31 48 22 50 46 16 58 25 94 55 12 97 89 97 47 70 91 86 43 80 58 82 85 73 7 43 76 98 91 40 22 11 36 49 89 44 90 62 10 94 94 76 96 59 7 70 46
100 3
98 5 11 14 64 80 54 82 46 22 85 70 53 92 67 59 50 37 66 56 55 47 82 25 57 31 67 74 37 89 41 16 25 97 67 25 70 52 14 25 64 79 28 41 76 85 34 22 16 68 26 86 76 19 67 25 34 4 71 82 55 79 52 34 79 44 58 31 25 49 82 67 98 76 43 61 51 23 73 73 50 86 1 13 7 4 79 47 44 73 52 40 67 28 4 34 46 88 91 20
100 3
16 20 4 31 1 37 13 61 30 46 88 55 82 28 29 16 94 89 5 91 76 43 64 10 23 1 16 88 30 61 79 37 34 11 8 8 16 74 13 31 77 32 66 34 25 15 58 89 44 95 13 40 13 46 49 61 76 4 1 76 14 79 49 39 31 95 59 65 67 94 46 85 41 4 35 13 87 56 62 82 56 35 55 47 91 58 64 28 28 85 97 14 93 10 33 49 79 76 34 91
19 3
14 25 23 8 50 79 44 95 53 5 65 71 77 53 79 37 43 22 68
100 3
49 95 54 14 85 1 98 32 19 5 25 19 19 40 74 34 77 55 36 56 98 5 74 62 4 25 71 11 4 91 13 73 64 98 15 92 41 72 52 1 52 8 83 41 49 3 85 40 46 28 43 25 11 82 76 85 25 13 28 75 1 30 94 64 13 37 46 59 61 1 47 18 97 47 59 61 1 1 85 74 98 70 24 73 86 37 85 73 4 32 88 55 23 64 98 7 79 19 65 67
100 3
19 4 44 97 70 7 25 41 59 23 10 73 47 90 79 4 43 64 27 29 85 13 63 23 73 56 58 41 50 56 45 7 52 83 40 40 28 13 83 80 61 44 37 49 35 73 97 85 34 66 91 68 31 40 40 80 53 93 28 79 13 43 69 92 70 70 94 57 55 31 53 61 72 49 23 31 93 38 23 79 8 21 44 5 56 35 19 67 82 59 40 33 76 50 1 44 79 64 94 89
100 3
28 37 74 76 43 39 1 58 46 67 13 59 85 61 78 71 88 52 58 29 29 18 64 82 19 34 89 63 43 46 41 37 61 59 64 4 5 4 10 10 88 1 30 67 31 44 52 28 87 68 30 8 64 86 91 28 16 43 14 20 80 47 73 70 91 40 48 8 44 64 49 87 65 31 58 30 46 92 86 53 11 82 34 22 28 38 28 22 61 52 55 42 61 92 70 25 80 17 73 71
100 3
98 41 17 53 94 43 95 32 4 8 56 7 27 86 68 65 43 68 1 16 59 14 45 10 50 20 29 80 14 4 35 31 4 32 43 41 26 10 29 53 14 14 41 80 52 35 20 74 76 76 69 2 28 16 38 47 71 40 31 56 38 5 46 38 63 84 73 53 45 1 80 97 95 52 41 20 64 26 56 56 44 71 35 98 8 11 5 56 8 23 51 92 23 17 59 65 95 44 80 83
100 3
28 26 71 76 19 34 70 5 68 40 44 9 39 1 4 43 62 37 62 83 97 78 61 59 41 83 47 53 62 51 19 73 41 67 64 67 61 22 67 34 55 43 89 9 76 71 37 29 95 11 41 19 82 77 94 28 52 70 53 13 53 85 49 86 43 19 22 52 46 73 88 91 37 47 51 17 91 19 25 89 77 70 37 4 31 61 59 20 94 28 74 51 96 38 68 98 55 46 44 59
100 3
88 65 71 32 92 75 82 90 74 69 83 71 59 38 50 76 53 31 14 75 36 82 73 43 79 95 83 35 29 46 19 19 26 73 44 62 55 11 17 86 21 16 62 85 76 19 11 82 9 34 67 74 83 5 68 39 21 45 90 19 77 60 35 45 98 7 68 41 83 7 26 26 71 89 66 13 58 16 85 11 85 15 67 98 80 17 50 77 53 92 91 74 10 86 14 26 30 19 8 11
100 3
19 18 7 49 1 64 59 1 13 98 28 50 16 31 20 80 79 7 26 43 53 68 94 97 76 43 94 56 3 74 13 36 40 4 91 49 12 25 28 81 85 52 64 91 54 55 7 52 2 74 93 58 37 22 1 68 40 40 35 65 35 1 67 67 91 79 17 68 90 77 73 32 70 23 28 85 21 34 4 22 30 31 70 10 82 98 35 15 50 50 33 32 64 52 16 77 61 44 59 34
21 3
35 46 65 16 40 2 32 86 65 14 20 41 96 28 20 82 38 73 41 8 16
100 3
88 28 27 38 41 41 62 61 53 8 68 17 76 68 74 17 39 26 7 86 32 10 9 54 35 10 95 44 68 56 41 63 65 28 52 32 14 47 41 14 69 35 80 7 53 29 19 81 36 62 83 80 20 92 37 26 20 32 35 73 97 56 72 73 80 83 34 40 32 28 98 76 67 70 7 56 2 16 3 53 29 8 56 65 7 89 98 14 2 71 14 71 95 68 2 62 47 64 2 86
1 3
37
100 3
62 38 65 83 50 91 35 91 43 23 83 89 22 50 2 96 19 95 41 74 14 39 16 9 95 38 92 35 93 83 18 19 29 20 8 94 7 95 71 35 71 69 53 70 26 68 98 77 82 23 80 23 83 61 89 79 5 68 65 43 2 92 88 74 80 35 68 11 92 27 21 50 40 95 71 23 86 4 8 17 76 71 35 41 41 53 25 44 95 3 41 26 84 50 86 91 32 41 22 46
100 3
32 79 90 1 95 78 89 94 85 20 14 4 25 11 41 67 98 43 97 14 20 28 37 76 89 97 58 92 85 61 46 29 19 79 46 34 61 31 79 4 84 98 19 35 25 2 7 90 38 22 55 82 8 82 55 96 97 23 79 16 73 32 94 47 16 42 28 25 34 61 28 29 58 88 47 58 40 21 2 14 38 7 17 25 58 10 5 48 34 55 7 76 16 50 14 73 76 62 31 19
100 3
22 13 16 85 84 58 97 31 64 75 58 25 97 40 6 82 97 46 87 29 67 73 29 79 7 37 36 40 52 31 38 59 13 93 25 23 70 82 78 50 64 88 10 28 16 63 91 25 46 82 31 15 19 85 50 97 34 25 11 35 16 28 64 51 43 37 5 37 48 43 12 86 88 61 67 76 65 91 56 70 76 98 16 55 91 4 43 22 37 10 34 26 82 91 41 4 61 85 67 89
100 3
77 98 30 18 27 76 76 76 19 80 59 80 37 67 70 64 41 41 1 52 66 63 92 61 37 2 81 92 31 94 19 1 94 70 46 26 13 22 86 12 31 35 74 25 68 77 94 64 47 73 16 91 43 1 98 70 22 97 43 6 2 49 94 26 52 63 14 73 15 67 39 97 11 11 85 8 94 53 92 24 4 76 64 94 65 47 70 96 94 25 31 49 51 82 71 80 10 94 65 32
100 3
75 10 66 43 25 19 86 58 57 67 94 37 54 89 61 58 34 85 84 61 49 81 55 39 46 91 19 75 49 44 28 4 89 27 79 20 88 71 67 97 41 67 46 55 76 79 2 77 31 64 61 7 2 1 88 43 92 3 50 68 79 13 59 43 46 34 64 14 29 53 58 79 20 92 78 13 62 97 47 55 22 5 59 83 78 64 80 94 70 49 1 28 44 88 85 52 31 37 26 90
17 3
51 33 57 25 38 28 88 1 59 54 6 59 8 88 38 1 98
100 3
24 14 74 64 88 38 90 1 23 11 77 44 7 11 10 53 23 16 50 68 10 41 20 51 38 97 50 85 17 68 44 13 38 77 8 32 59 96 80 80 47 65 44 71 46 93 23 80 56 91 50 4 26 1 11 64 20 11 83 12 16 1 68 97 57 43 83 49 72 79 64 29 51 97 25 13 5 38 59 2 16 40 62 65 8 29 55 46 92 87 76 8 73 71 88 41 56 60 57 64
100 3
46 11 41 64 13 83 61 44 14 37 85 47 70 35 1 25 69 52 67 94 40 78 73 32 77 35 40 56 19 61 20 76 39 63 7 94 10 85 85 61 20 97 64 13 56 7 97 13 43 53 46 10 59 73 51 89 76 28 46 46 56 31 61 19 13 91 61 2 58 53 88 38 6 73 49 69 56 37 56 97 7 41 76 88 52 10 73 5 46 1 85 19 7 34 29 50 41 38 86 70
100 3
34 97 71 19 34 25 31 73 67 10 93 40 82 13 50 61 1 58 16 49 11 25 32 83 31 13 28 44 57 55 47 46 3 67 58 5 37 37 20 22 13 88 54 46 18 51 46 55 74 85 52 28 46 10 73 61 74 97 16 15 13 25 94 23 91 89 8 91 40 16 79 52 56 5 16 31 26 70 82 67 15 43 72 31 88 88 61 5 40 84 18 61 22 34 41 47 46 5 61 20
100 3
20 88 56 72 89 12 55 98 67 53 71 55 19 22 77 47 43 62 26 20 52 9 4 14 34 95 56 52 26 21 35 32 88 3 41 65 19 47 19 20 44 74 42 17 76 28 35 38 28 68 35 8 50 89 95 17 4 65 85 31 26 89 44 77 78 16 17 6 4 41 82 41 27 3 95 80 11 96 34 9 92 44 22 32 3 46 20 7 8 65 85 65 71 64 59 11 75 21 77 68
100 3
94 86 65 51 14 79 59 59 12 55 65 90 91 21 73 92 83 5 14 74 32 44 98 39 58 26 70 35 44 7 35 53 11 62 75 92 46 59 84 10 77 86 2 38 17 31 95 13 75 17 36 25 95 14 52 59 27 26 89 5 98 38 70 86 7 98 32 91 8 8 50 32 5 20 89 11 98 78 11 16 17 40 83 11 41 54 51 47 56 68 20 7 6 34 67 71 11 8 80 59
1 3
93
29 3
22 37 22 25 89 47 94 7 7 88 18 65 25 23 21 89 1 11 18 13 31 73 82 34 73 47 78 41 88
100 3
22 72 13 73 59 95 17 95 41 77 11 14 49 40 29 52 38 16 66 13 68 50 29 11 2 65 86 89 23 35 34 68 62 62 56 14 59 17 29 44 14 53 89 11 50 94 6 6 57 56 52 50 66 77 17 52 92 20 17 43 31 65 8 35 64 43 98 75 57 17 9 53 62 65 56 25 50 17 14 97 74 96 43 71 17 44 59 44 43 40 29 23 77 98 7 20 77 50 56 4
100 3
74 69 26 24 88 23 16 44 98 56 82 4 45 73 56 37 87 49 94 41 44 59 49 73 17 11 49 8 16 78 40 61 61 51 83 8 73 11 25 14 91 43 25 32 73 74 94 25 37 91 4 50 1 13 18 82 7 91 1 55 34 40 28 43 16 45 58 13 88 10 82 19 91 97 79 44 85 70 31 53 76 64 23 85 52 41 80 18 40 64 2 31 55 34 28 71 41 1 2 35
18 2
51 62 65 17 78 74 17 90 22 2 40 95 58 70 71 91 88 88
21 3
8 58 2 38 47 92 32 5 63 38 59 80 58 89 43 32 4 50 74 71 85
100 3
58 34 38 64 73 73 31 73 22 82 74 7 83 88 5 48 26 73 19 22 52 4 37 13 12 1 53 4 14 25 37 52 76 77 68 50 22 37 49 14 46 22 1 48 39 85 47 62 79 25 58 22 43 7 64 82 25 28 23 56 22 29 67 91 5 62 74 80 21 31 70 13 20 14 79 35 92 88 49 92 91 52 18 30 56 2 79 22 25 55 55 60 85 4 28 74 63 79 4 89
100 3
74 58 39 22 39 25 31 20 40 88 67 63 91 81 38 82 56 1 79 55 89 2 73 75 4 78 65 31 41 17 52 28 25 32 31 15 78 72 44 46 70 94 23 32 95 43 41 79 70 55 50 50 81 4 87 43 82 14 13 43 61 60 4 44 1 32 40 92 74 2 32 29 1 61 91 98 16 79 76 16 65 13 26 31 37 40 31 49 25 25 3 49 90 11 58 21 80 73 25 74
100 3
47 89 47 68 67 56 47 32 37 19 37 44 86 56 82 41 5 86 47 11 49 19 56 73 62 5 80 20 23 37 8 25 92 68 17 23 32 71 98 66 17 38 68 90 52 23 81 58 44 20 13 86 95 2 26 94 35 39 44 93 68 23 98 78 2 20 26 3 50 62 47 26 8 34 83 77 20 11 7 96 89 19 6 95 5 26 75 8 91 59 1 65 26 8 38 97 83 26 38 68
100 3
64 98 17 85 19 68 46 40 41 23 50 56 20 49 96 87 47 92 11 15 23 46 11 46 68 55 5 70 20 50 68 38 65 56 89 13 23 64 19 95 7 6 73 89 1 98 97 74 1 65 79 57 11 17 46 59 5 36 67 30 57 17 27 49 44 84 96 13 35 14 25 68 7 69 62 59 28 92 23 2 25 44 89 83 23 50 1 42 35 98 28 92 38 62 8 97 80 56 43 28
100 3
4 30 73 55 75 10 43 79 24 88 62 49 70 74 43 38 62 13 27 34 59 59 94 43 56 74 97 34 43 26 82 91 31 58 5 74 82 7 52 53 54 49 28 86 73 67 34 4 10 13 88 13 40 68 13 73 22 94 81 19 29 24 97 46 33 85 34 49 2 35 20 4 2 70 35 50 40 4 22 7 25 77 76 22 68 94 40 83 28 49 98 49 16 25 22 37 34 55 73 52
100 3
32 56 77 6 67 61 37 27 44 17 24 65 7 65 13 42 43 85 29 91 85 49 90 94 16 35 62 1 55 25 88 97 64 50 28 50 55 88 1 70 79 73 92 52 93 61 67 22 73 45 50 30 73 88 54 67 69 5 32 86 40 37 29 31 19 43 73 91 34 34 40 40 62 97 54 91 70 97 79 28 58 35 76 13 34 85 64 37 88 76 52 74 55 79 62 41 44 76 66 34
17 2
99 80 19 26 21 92 94 44 25 77 74 85 42 86 90 50 78
100 3
4 20 65 13 45 19 64 20 31 10 32 95 20 16 95 97 32 56 62 52 23 73 22 58 77 64 87 74 67 56 81 36 10 1 50 41 80 2 10 74 5 89 9 73 23 32 80 29 40 2 82 73 43 29 26 24 40 88 29 65 59 71 80 44 83 59 56 8 34 71 1 51 86 60 89 71 40 83 37 74 2 38 76 4 71 89 38 53 46 80 8 78 40 80 22 38 79 14 58 50
100 3
43 47 86 72 98 96 94 18 82 38 68 50 77 47 92 38 64 35 11 23 8 94 77 62 92 29 44 19 44 53 7 15 35 97 66 82 85 53 83 50 13 35 88 18 83 5 50 74 71 56 43 74 19 52 56 86 38 57 44 83 50 21 47 21 8 45 54 44 62 98 68 73 36 2 47 83 67 80 70 19 14 5 44 82 95 83 80 25 47 95 50 77 80 28 59 92 68 29 74 70
100 3
41 50 32 71 83 23 26 83 28 8 77 1 83 56 5 13 77 76 68 77 44 29 92 40 94 77 2 17 76 92 50 64 55 50 63 94 64 61 11 45 83 80 47 73 47 86 14 86 57 97 25 80 68 56 92 64 89 71 83 90 17 95 53 46 46 71 41 40 89 44 1 29 11 14 38 14 33 4 1 14 19 86 50 65 53 74 62 28 77 70 37 46 38 94 83 74 29 42 62 85
100 3
10 53 7 42 76 7 1 80 85 89 79 84 1 71 69 95 71 61 1 23 50 65 95 38 1 31 7 89 40 16 73 91 95 73 26 76 31 39 16 22 55 16 37 60 40 54 52 75 71 30 44 88 46 79 42 52 61 66 88 41 82 20 58 37 58 52 74 17 48 55 31 55 1 58 32 17 73 57 26 68 67 77 67 37 25 76 6 48 76 35 24 31 46 82 70 19 1 47 25 63
100 3
35 85 93 74 67 59 71 20 64 56 71 43 65 21 47 64 92 2 13 92 37 95 11 32 32 37 29 26 50 51 5 19 91 61 49 73 8 56 38 44 70 32 22 65 20 80 57 80 68 74 4 80 34 93 89 62 39 47 34 50 74 3 80 52 23 93 77 14 64 1 79 68 69 20 64 95 67 17 67 97 23 26 30 29 23 26 8 83 56 28 43 26 77 94 2 89 95 35 25 84
2 3
52 61
100 3
38 32 44 41 32 29 91 86 35 40 13 52 23 92 98 21 77 19 58 26 80 46 37 3 12 41 16 64 93 95 74 77 74 53 14 44 56 56 85 26 92 53 77 35 6 59 7 41 84 56 7 75 72 44 20 28 17 71 59 41 50 80 34 43 86 98 21 33 23 97 2 44 35 63 60 20 19 46 88 70 40 47 44 46 41 67 59 2 73 31 37 77 32 98 39 89 86 17 98 44
25 3
11 23 40 40 11 32 97 44 37 92 41 53 7 86 10 68 53 22 22 95 86 32 62 77 26
21 3
76 4 14 85 13 88 29 18 56 7 15 69 21 19 62 46 83 5 94 96 79
17 3
91 8 15 11 62 87 52 8 95 37 79 34 5 21 40 21 53
100 3
88 82 31 35 82 74 4 71 70 5 2 26 23 52 17 52 50 60 97 62 7 54 87 27 46 22 13 41 38 8 13 64 59 67 98 31 59 14 37 34 59 25 2 37 98 44 95 50 36 35 10 47 63 50 62 58 31 3 32 98 92 8 26 94 58 58 67 79 71 26 97 52 11 28 78 2 92 32 56 29 11 26 64 50 56 64 49 89 80 67 11 83 70 36 56 92 38 11 32 96
100 3
2 59 53 38 28 38 67 34 50 32 65 20 94 52 31 49 20 19 59 40 19 61 4 19 10 31 88 94 73 76 59 40 49 92 19 62 55 23 2 74 77 32 31 50 28 61 44 19 50 16 50 23 61 71 98 82 62 11 4 37 77 34 17 58 35 28 79 65 41 88 92 88 53 59 53 19 35 20 68 97 61 58 1 70 34 13 40 55 92 50 46 2 53 89 77 74 56 53 97 26
100 3
70 7 22 40 53 53 25 89 68 62 14 83 1 34 94 47 49 67 19 56 59 4 44 45 26 17 86 95 65 98 92 50 71 17 40 24 85 14 2 64 14 14 44 88 37 80 80 29 47 82 98 91 98 59 92 68 41 32 23 86 23 5 2 61 53 20 29 92 15 41 91 14 35 13 71 96 61 98 38 6 47 92 27 74 31 10 4 52 89 32 26 43 46 49 17 83 5 62 73 80
100 3
27 73 89 13 90 83 33 61 28 82 24 65 98 63 98 20 61 61 51 64 8 71 50 18 28 33 60 79 33 67 91 33 45 81 26 88 97 19 10 46 84 82 17 35 86 24 37 27 2 17 65 65 92 4 61 5 20 71 51 45 96 17 51 23 23 93 89 93 51 20 10 32 11 3 31 13 87 62 97 66 58 32 78 43 4 93 81 75 24 26 3 91 77 58 96 11 58 76 61 28
1 2
80
100 3
50 17 33 83 62 52 77 89 70 59 65 29 32 41 92 55 32 2 5 71 94 85 95 86 15 13 46 79 92 98 59 61 59 35 34 47 2 13 26 74 20 98 89 2 95 77 82 28 19 23 29 72 38 20 59 92 62 95 67 80 85 14 10 83 84 92 16 64 50 11 67 23 36 71 56 21 71 29 74 80 65 61 68 55 76 83 89 67 50 87 37 4 94 63 23 58 73 76 58 23
100 3
52 19 52 25 17 89 40 89 97 46 32 49 77 14 61 43 53 73 39 22 91 26 13 90 10 77 49 19 31 86 23 34 5 95 18 59 82 52 58 92 52 41 95 4 25 85 5 54 31 58 73 19 97 70 73 80 41 16 14 13 95 11 56 65 37 19 43 29 69 37 85 66 90 54 76 53 55 43 61 94 8 20 42 20 4 31 82 4 82 91 67 7 89 46 15 23 22 66 70 10
100 3
14 14 60 49 26 71 28 16 55 88 84 92 58 13 34 74 43 70 65 1 95 40 25 15 94 73 94 1 25 23 79 44 55 43 49 82 40 11 53 73 73 48 88 43 1 97 58 84 7 55 76 35 7 67 84 62 1 43 70 25 7 98 64 89 85 85 55 76 94 43 34 94 64 22 52 57 65 57 22 1 6 34 65 16 27 25 58 53 77 92 58 94 25 32 49 46 60 79 35 73
100 3
88 91 88 55 10 49 72 20 1 78 49 58 38 68 43 37 30 94 59 1 80 4 28 53 98 17 37 48 25 18 87 28 20 98 35 17 81 57 79 37 80 94 52 19 13 31 14 95 56 37 36 17 88 67 52 37 2 50 94 46 13 13 10 46 92 29 70 82 30 10 37 31 83 48 42 61 56 31 16 64 30 40 64 1 97 97 46 23 76 61 33 13 58 93 98 64 7 22 97 38
11 3
44 29 46 41 2 85 79 32 88 49 8
100 3
79 8 14 68 39 11 47 4 44 47 38 64 62 22 80 92 68 50 76 5 2 98 14 41 67 40 74 57 47 86 65 44 38 9 54 16 88 11 2 13 77 68 67 56 97 42 92 14 47 14 11 71 20 73 49 80 18 44 68 84 5 93 75 26 68 38 20 66 10 79 74 37 14 2 7 26 40 17 72 38 52 7 2 97 80 92 56 83 10 61 38 14 98 29 44 77 32 14 29 69
100 2
80 30 81 28 85 63 83 88 11 68 69 47 13 33 55 67 12 42 6 92 48 44 65 62 33 55 28 73 47 85 85 67 43 35 70 41 12 7 34 37 82 70 38 46 83 29 3 31 97 2 46 54 94 60 30 87 7 75 24 66 32 16 12 28 1 64 86 94 33 62 79 27 6 39 31 3 76 54 57 92 16 23 75 66 9 80 85 36 17 84 46 9 48 11 35 8 29 36 73 24
100 3
91 58 46 83 60 27 53 16 71 74 12 47 77 91 65 22 53 32 25 95 68 62 17 26 41 70 48 61 58 94 11 85 94 74 89 65 38 83 33 95 26 74 8 28 31 47 58 58 13 47 14 32 32 59 19 41 71 97 35 61 76 74 73 2 47 43 41 25 28 74 23 94 20 80 73 86 45 97 29 83 12 28 13 22 28 85 94 74 72 57 86 46 94 2 47 28 89 80 63 95
100 3
65 89 71 28 25 25 91 79 97 28 1 55 1 28 28 76 67 71 65 77 52 55 4 58 47 97 26 67 64 61 46 4 55 79 79 46 94 60 19 78 79 35 88 86 31 56 88 72 53 67 56 47 64 85 1 73 2 44 29 97 94 29 64 37 35 5 67 4 38 34 25 97 88 49 80 76 13 22 94 86 11 38 32 70 4 35 76 73 26 23 46 62 32 13 88 96 98 29 31 34
100 3
16 98 77 47 62 55 19 91 79 66 4 7 50 96 7 17 30 49 83 14 94 55 79 91 19 16 65 23 75 91 90 80 11 1 74 31 40 79 40 25 64 67 64 11 35 43 27 94 83 14 27 77 9 76 25 50 28 37 64 16 22 1 52 75 70 31 79 73 56 85 48 97 52 12 37 61 49 73 67 81 80 50 77 52 15 58 62 70 24 15 81 55 31 22 39 49 88 40 53 91
100 3
97 1 37 10 10 31 97 91 95 15 79 55 59 40 7 10 26 82 43 79 22 95 46 91 63 31 18 76 73 91 5 91 19 79 38 57 53 47 29 97 92 83 60 94 80 37 35 31 48 73 64 25 91 28 50 17 44 49 7 26 16 97 91 70 28 89 55 31 91 1 40 88 95 53 41 58 56 24 97 55 31 34 91 27 73 41 79 49 19 33 41 98 28 11 35 54 91 22 8 28
100 3
8 80 50 68 59 38 55 40 62 29 31 46 71 89 97 56 80 2 25 42 36 11 11 91 40 23 57 2 40 31 88 68 14 68 1 88 47 50 89 31 29 11 22 77 56 11 98 20 76 30 26 52 55 29 49 10 17 88 50 73 35 2 17 77 68 49 2 67 41 96 13 32 5 74 79 43 83 98 20 23 9 65 11 5 80 92 59 5 22 59 65 26 47 5 38 62 35 28 40 14
1 3
23
