100
4 3
4 5 6 4
4 2
4 5 6 4
3 3
1 1 1
100 2
22 75 77 5 54 35 6 78 53 48 15 56 93 99 92 8 25 86 11 92 52 5 63 96 29 35 81 72 48 8 78 65 90 92 5 65 3 93 9 72 85 48 36 41 44 11 7 77 80 90 55 72 14 17 43 61 61 46 1 57 74 49 17 28 44 26 39 96 83 29 40 50 31 63 99 44 66 33 71 86 83 38 79 10 82 31 96 81 9 14 32 6 50 48 1 24 82 39 78 28
100 3
4 32 67 94 91 37 58 78 13 71 91 97 96 38 4 91 22 75 31 50 49 70 21 34 16 43 78 35 94 13 49 31 25 43 38 91 64 8 35 94 31 22 29 54 29 1 39 55 52 87 61 10 41 7 15 70 50 53 68 70 49 52 58 92 46 44 46 22 85 49 46 91 56 1 79 52 79 41 55 11 7 25 56 46 13 19 13 60 31 55 13 62 67 79 13 13 61 20 1 3
100 3
1 64 44 24 21 45 40 10 74 88 40 9 23 17 67 60 28 1 82 30 25 41 77 14 65 1 46 74 41 5 85 1 80 35 64 16 53 73 16 31 91 29 58 58 29 15 47 41 70 94 19 67 19 52 97 14 37 25 37 94 1 42 95 68 36 34 29 40 73 40 96 64 22 8 62 16 58 37 2 21 47 34 1 67 97 1 23 52 52 70 73 50 13 51 75 69 28 37 43 79
15 3
51 43 26 25 74 77 15 29 67 54 40 83 61 88 89
100 3
50 33 47 52 13 31 16 43 70 38 41 91 26 97 43 75 43 12 96 4 9 50 92 52 85 65 93 4 75 13 10 38 39 94 46 82 38 70 34 68 70 68 37 4 37 67 64 60 34 53 50 67 7 17 10 77 4 19 82 28 40 57 25 70 59 22 4 98 34 46 5 25 46 96 36 18 79 44 76 14 76 83 34 77 95 76 58 55 59 27 85 52 17 58 58 90 1 22 10 67
3 3
17 80 23
100 3
73 22 43 46 82 7 69 79 25 29 97 34 17 46 88 37 43 93 1 79 79 91 8 46 95 35 13 86 2 52 38 56 70 49 28 80 40 1 27 55 77 82 58 8 74 46 38 67 47 75 94 7 63 54 76 20 95 22 79 28 29 64 16 28 25 88 31 31 31 7 29 78 97 91 79 56 40 70 45 28 10 32 79 23 95 13 17 44 12 67 4 78 22 10 55 73 65 40 37 58
100 3
80 43 53 81 85 24 83 34 60 73 31 38 67 67 18 40 84 43 80 89 84 1 22 53 23 63 59 72 90 98 65 22 5 30 15 4 57 4 40 51 2 98 62 24 38 38 90 56 14 51 32 12 15 11 18 40 76 39 15 34 15 73 17 30 46 25 40 78 34 30 60 43 34 20 41 18 24 10 25 56 10 46 98 74 39 10 91 26 98 93 95 95 88 20 83 37 87 76 24 93
100 3
13 55 7 8 70 37 82 78 15 8 55 20 43 42 48 21 59 98 43 31 53 51 11 59 44 33 86 73 40 95 94 46 97 55 98 52 49 62 70 10 76 7 28 1 10 55 77 89 82 76 89 28 34 94 52 70 43 4 37 71 55 67 34 65 4 65 55 18 31 1 27 47 67 16 58 50 61 65 82 5 55 79 59 28 91 2 13 55 15 58 85 68 73 88 75 18 20 88 62 2
100 3
16 38 71 77 4 71 2 19 78 88 19 92 88 46 67 82 86 44 43 43 83 95 80 71 17 28 56 40 56 71 20 36 80 14 85 74 34 88 42 86 89 44 10 89 51 74 79 95 21 44 13 25 95 47 88 95 64 35 26 33 29 14 71 77 26 53 23 59 53 23 76 41 77 14 80 77 62 92 64 32 2 8 22 31 76 52 83 80 91 85 26 32 91 28 53 59 53 28 86 45
100 3
82 62 44 54 5 62 17 58 11 13 49 26 97 34 32 80 86 53 80 13 98 82 81 91 40 38 14 16 41 86 34 29 80 89 98 76 38 56 62 68 19 88 35 74 20 82 68 23 34 67 67 6 16 31 42 20 1 14 74 38 89 34 71 20 31 38 17 16 74 18 11 80 14 5 50 63 77 89 6 60 55 59 68 62 7 65 69 58 89 45 41 14 74 95 53 4 34 94 27 32
100 3
35 32 2 32 43 5 65 44 12 56 86 11 39 59 63 46 65 91 95 95 5 31 64 8 38 59 94 80 93 20 14 59 5 88 40 26 70 47 95 48 95 55 11 10 79 9 53 50 13 47 86 29 23 44 1 81 62 95 38 70 77 47 92 64 14 3 47 24 44 36 29 29 62 17 75 77 61 16 1 98 95 35 84 29 48 16 91 17 89 4 43 74 31 19 89 19 55 65 92 71
100 3
29 14 77 70 55 46 20 29 11 59 53 47 36 61 33 44 44 83 17 52 71 77 25 1 16 64 21 27 25 44 77 76 89 83 57 33 32 28 86 27 77 29 65 70 2 10 29 97 45 6 20 65 14 15 62 32 5 38 41 53 67 83 14 11 16 2 95 35 14 7 5 53 76 41 83 1 52 17 98 29 23 56 10 56 38 29 86 20 22 71 86 26 1 32 7 70 35 61 10 47
100 3
85 17 6 55 1 35 8 21 49 92 63 25 10 83 34 53 88 62 58 85 26 94 91 83 25 89 82 90 48 79 1 34 41 98 16 97 53 73 68 3 97 27 16 52 25 58 44 55 56 44 22 23 27 72 76 74 40 64 26 11 83 65 87 10 27 62 3 37 20 50 88 19 89 43 4 40 91 9 72 79 62 91 19 28 32 97 64 55 40 48 64 2 87 84 53 1 52 64 90 61
19 3
20 74 97 32 47 58 95 20 5 94 60 79 41 23 19 70 74 83 64
12 3
7 66 98 40 55 71 1 43 77 41 11 13
100 3
14 37 65 55 8 32 67 14 40 89 88 47 75 73 98 35 89 41 51 35 5 8 41 26 1 3 84 74 59 29 67 36 32 77 97 12 38 32 62 45 78 53 17 59 56 89 49 20 49 29 49 54 5 76 35 8 98 69 80 83 33 56 26 19 89 98 10 70 5 68 25 20 55 83 43 59 19 46 33 95 22 82 94 89 2 10 50 26 11 44 81 23 95 17 35 95 8 90 41 28
100 3
61 30 65 61 25 85 79 59 1 43 58 47 28 77 58 53 37 94 37 55 13 53 16 35 70 38 98 11 13 56 65 55 7 6 22 79 21 32 58 69 19 55 67 4 69 55 58 46 74 43 73 7 19 14 37 94 18 2 42 34 24 28 25 1 94 86 16 94 94 4 17 41 88 13 10 22 10 52 40 52 46 55 19 10 4 8 74 28 16 10 28 49 91 4 73 37 94 11 23 18
100 3
1 44 32 58 95 77 48 91 1 59 73 42 62 29 12 44 49 2 81 16 71 6 47 11 35 56 64 97 74 80 65 71 91 15 62 29 67 29 58 80 4 14 44 88 52 32 31 15 95 17 73 11 66 58 67 70 8 98 19 63 14 43 23 59 98 68 44 40 41 11 3 32 34 98 92 83 79 4 5 5 23 50 12 20 97 59 59 18 49 65 50 74 44 56 38 65 10 56 68 47
100 3
38 2 43 41 86 20 18 44 86 64 23 25 37 89 47 26 17 24 12 32 80 55 98 76 65 68 8 26 20 70 93 33 34 98 84 8 35 92 95 5 24 35 17 30 47 50 53 71 27 25 2 53 74 98 70 65 77 24 86 42 66 2 77 77 77 56 26 16 14 85 53 84 98 50 19 31 25 11 78 56 77 2 80 87 4 92 24 98 35 38 96 43 8 96 38 7 71 28 50 44
100 3
62 29 34 14 27 61 76 26 79 14 86 44 3 77 97 44 94 35 80 44 56 39 74 46 26 35 25 30 45 32 92 68 71 32 53 68 44 11 77 76 77 36 9 1 20 9 76 50 40 56 50 40 47 54 45 85 50 89 80 54 70 85 41 70 51 86 17 5 89 29 35 7 55 3 5 74 39 80 73 20 76 15 17 44 92 81 65 40 71 32 68 85 68 12 38 62 70 8 2 66
100 3
2 47 71 44 44 53 8 5 85 29 67 15 93 79 77 83 80 78 18 20 71 86 53 68 44 62 94 32 17 49 2 45 56 23 86 45 29 8 8 12 53 11 70 23 77 13 53 83 37 47 50 7 97 43 1 92 38 23 53 80 50 27 19 17 74 52 83 74 26 82 13 79 76 41 70 31 47 14 4 53 89 44 62 49 35 62 31 92 59 5 55 20 49 34 53 62 70 11 24 32
100 3
53 47 37 19 2 25 80 50 50 53 37 86 92 40 10 50 37 22 47 74 47 8 26 82 61 61 34 62 53 28 59 68 26 49 74 20 62 4 10 5 88 98 76 92 82 52 61 14 79 73 59 14 10 98 79 74 35 28 92 79 58 85 8 8 86 91 79 70 88 2 74 4 67 52 64 38 50 34 83 52 46 40 17 8 70 1 38 10 62 70 31 64 56 5 20 56 68 82 52 43
100 3
62 86 82 13 7 30 85 13 50 25 55 19 78 16 82 23 38 97 92 98 73 79 38 68 1 55 23 35 98 49 4 44 5 29 67 52 46 16 22 62 13 22 40 67 56 67 17 20 58 16 85 25 54 81 25 79 1 45 87 37 4 37 77 26 4 13 41 50 3 59 58 21 71 67 55 82 64 85 7 32 49 79 86 58 80 22 77 14 52 34 73 14 77 16 29 43 38 24 94 73
100 3
74 12 77 73 95 50 14 13 47 62 92 43 62 92 80 71 25 58 22 83 21 86 14 23 98 68 77 13 20 83 4 89 44 71 3 55 29 90 50 44 3 23 67 15 4 34 25 40 79 77 32 77 14 65 1 98 17 59 17 12 86 58 70 80 11 14 94 65 89 37 41 25 17 46 55 25 2 41 14 62 98 95 27 73 85 95 15 33 10 27 59 97 26 82 9 46 69 26 44 53
100 3
18 98 56 74 20 31 88 72 60 94 2 33 96 4 58 73 34 94 4 76 77 44 22 83 88 55 91 98 61 57 97 31 26 26 37 52 19 62 43 4 40 55 94 52 88 95 49 5 15 35 53 52 62 64 47 80 64 1 25 45 79 28 73 52 76 65 82 31 43 26 27 91 22 67 35 60 81 44 34 79 10 98 70 82 67 91 88 62 35 16 92 82 81 80 22 91 27 26 11 70
100 3
59 2 74 92 98 2 84 64 65 56 11 64 50 95 32 68 50 20 9 26 50 50 53 40 8 29 54 13 11 58 71 14 80 26 70 89 21 11 95 23 44 2 83 58 91 14 63 5 82 74 2 2 93 14 49 41 5 84 32 74 62 11 92 32 5 85 38 8 20 82 97 5 62 26 14 62 56 77 34 67 38 53 71 17 95 10 71 95 35 95 98 23 98 50 11 81 59 74 32 29
16 3
60 50 28 55 5 12 16 26 55 83 32 80 85 80 48 5
100 3
70 7 95 1 82 33 1 62 11 39 62 16 79 70 90 91 40 55 59 53 56 60 91 3 19 46 67 10 29 85 74 82 13 28 75 37 58 61 43 49 19 11 44 64 40 70 20 1 44 85 52 46 19 94 64 76 79 75 73 69 20 36 38 70 47 78 73 53 50 97 24 55 31 85 87 91 13 70 55 37 96 71 73 76 7 20 76 25 79 19 14 31 40 64 64 34 91 10 49 4
100 3
2 8 58 86 5 37 87 23 42 16 98 50 85 9 3 76 20 22 38 8 95 82 19 95 20 29 70 38 69 14 85 38 14 11 44 70 46 28 22 22 62 41 50 44 14 97 76 56 46 44 50 95 32 62 47 30 14 44 82 62 26 68 13 97 68 23 85 95 70 83 19 38 14 44 5 17 32 49 33 41 41 62 55 68 52 40 10 65 5 29 77 46 2 88 26 47 52 31 83 43
100 3
50 77 88 35 64 54 44 97 79 8 44 56 41 28 7 13 37 61 49 1 7 82 92 43 4 36 10 46 50 4 43 10 1 29 52 4 67 48 55 73 57 44 49 97 10 13 29 19 19 7 67 68 34 10 37 85 94 47 20 91 7 54 62 50 88 34 73 19 85 88 71 72 14 49 16 85 52 2 82 1 98 32 37 64 19 91 27 41 34 12 26 67 47 61 22 18 98 70 34 57
17 2
94 47 26 60 22 38 66 77 80 6 17 69 82 69 14 37 28
1 2
18
1 3
95
15 3
56 11 98 28 13 34 56 98 85 46 3 82 1 86 38
100 3
60 61 69 1 10 52 19 88 85 24 76 49 13 37 31 58 25 14 26 76 83 25 35 70 52 52 61 25 13 17 19 92 74 94 88 73 89 8 40 68 34 57 2 95 51 64 19 97 79 67 46 37 91 5 17 10 76 47 68 58 22 13 82 70 55 94 16 75 34 7 56 97 36 12 16 73 14 8 88 61 7 77 55 47 34 13 59 46 48 55 10 83 98 31 69 81 49 4 91 7
100 3
1 82 59 59 68 87 41 53 80 74 96 5 65 14 11 38 50 87 23 7 83 76 97 38 23 88 31 87 20 68 25 65 38 98 14 92 2 70 32 15 59 9 53 77 20 38 38 92 83 67 26 11 68 11 68 79 33 98 5 47 80 34 24 71 90 93 6 67 64 4 21 62 11 88 1 59 77 8 44 34 59 77 20 73 53 7 50 59 86 35 62 39 70 46 39 71 10 16 62 47
2 3
23 74
100 3
83 65 80 76 91 76 77 38 41 47 38 36 62 89 20 51 80 5 50 17 95 29 33 56 50 38 95 43 5 62 89 71 14 41 2 8 53 92 86 41 35 86 48 6 5 13 82 38 4 2 36 17 40 91 62 2 46 27 51 5 59 77 67 20 76 95 2 29 83 45 49 29 44 1 68 38 70 94 20 97 4 33 91 74 90 37 56 92 8 29 96 36 31 20 46 16 74 34 41 49
100 3
49 95 49 88 50 8 67 26 35 4 17 32 8 11 83 76 20 5 89 32 41 80 95 59 94 14 32 75 49 1 10 24 44 77 80 38 83 65 4 26 71 29 65 74 11 76 14 48 32 79 81 22 65 17 56 35 35 92 85 23 95 62 1 50 61 10 23 61 67 74 65 12 26 77 36 26 97 59 59 71 44 59 14 82 26 29 47 16 74 22 11 58 22 23 71 83 21 17 49 76
100 3
67 97 55 43 92 82 34 29 73 42 94 5 7 73 64 88 44 91 72 1 88 28 55 4 13 13 7 60 85 79 83 11 16 67 26 85 52 20 26 67 43 7 19 25 76 74 49 16 89 17 82 37 56 95 73 29 74 94 58 67 67 73 16 17 13 82 46 62 92 74 79 83 66 76 24 70 3 79 94 67 7 74 25 73 28 85 64 7 46 74 35 31 86 28 85 83 34 78 58 13
100 3
19 71 85 13 54 52 4 59 40 78 68 37 74 28 7 92 10 95 93 94 17 58 34 97 10 91 80 11 82 73 90 86 23 85 64 62 13 27 33 97 16 76 25 59 19 97 97 8 76 28 80 31 13 64 14 45 46 20 82 14 94 97 70 52 46 49 9 46 49 43 52 91 76 74 85 43 97 62 91 50 49 52 22 28 49 31 52 16 70 70 2 8 36 89 20 61 28 88 19 76
100 3
4 89 64 81 28 57 98 76 79 52 62 85 67 83 37 12 25 64 10 92 61 11 49 92 64 35 23 46 13 12 11 10 1 59 41 11 74 94 52 89 29 96 80 91 63 16 58 5 67 65 85 85 13 71 70 43 34 4 19 40 71 25 1 22 83 55 83 31 89 7 83 22 45 87 7 80 84 8 8 91 57 32 61 81 52 23 74 77 38 47 80 58 16 38 70 97 52 97 11 52
100 3
64 19 53 8 10 31 45 29 46 31 98 32 47 52 52 17 13 35 97 69 37 8 16 2 97 90 63 46 40 46 58 83 61 79 79 67 5 38 52 19 28 61 64 52 46 43 43 53 57 32 83 63 25 94 46 55 34 25 68 43 35 34 46 85 28 30 69 79 34 17 4 16 75 38 10 28 13 7 34 8 95 84 34 82 92 7 67 74 33 1 57 39 61 98 97 22 70 38 9 37
28 3
48 23 65 94 98 47 98 43 70 34 9 68 92 14 1 62 79 29 17 31 62 21 92 38 89 17 21 29
100 3
32 92 5 80 13 70 76 80 4 49 97 52 85 56 2 29 58 62 73 71 61 2 37 34 35 86 26 91 98 32 83 91 11 52 94 98 80 77 35 8 20 77 62 38 40 43 61 53 28 43 73 86 71 44 4 11 16 80 7 68 32 70 31 97 64 11 92 89 16 17 97 61 38 58 25 10 97 85 55 23 22 41 65 26 44 67 40 74 83 65 56 89 23 56 92 71 58 22 65 64
100 3
77 58 88 6 47 47 98 89 21 98 17 73 43 28 56 28 97 76 22 74 52 64 79 8 68 94 37 91 43 71 22 23 94 22 37 58 70 22 76 1 76 50 94 86 56 12 10 70 40 27 61 20 85 67 41 14 14 17 56 76 16 28 22 65 82 52 16 85 13 82 61 47 13 79 46 70 73 10 82 28 52 16 64 88 28 93 37 88 31 31 83 37 97 97 58 10 42 57 19 76
2 3
55 40
1 3
7
2 2
79 75
100 3
40 58 37 16 53 90 74 67 74 65 5 98 68 50 40 57 7 28 41 23 31 50 8 56 47 29 95 22 65 53 50 63 92 17 86 38 41 96 11 71 53 77 1 44 92 98 68 50 59 80 83 50 43 79 1 92 80 95 31 26 56 77 64 86 25 62 95 4 98 20 2 59 2 82 71 92 5 88 74 44 80 65 53 44 65 73 38 23 50 66 25 89 77 95 59 49 5 53 8 32
22 3
1 14 58 29 62 60 64 64 90 85 20 76 86 93 63 82 62 65 21 55 23 26
100 3
90 67 61 67 32 7 79 63 90 49 37 11 10 79 10 31 44 2 43 40 51 91 21 22 58 22 41 68 7 53 77 44 88 1 28 49 9 1 66 79 4 20 46 25 98 28 1 1 40 17 97 24 93 17 5 56 40 85 7 67 64 82 10 24 10 32 76 55 55 71 14 64 73 97 97 71 4 64 85 37 7 40 52 43 65 91 55 50 61 81 82 66 52 29 49 73 13 98 55 1
100 3
97 87 86 50 8 55 8 2 16 2 50 92 18 98 40 85 38 67 6 51 40 52 17 32 17 25 52 52 44 52 68 50 48 86 72 10 50 20 19 33 35 29 7 14 74 89 53 61 7 75 65 68 96 98 59 20 59 32 23 86 13 72 31 94 60 77 26 47 41 44 85 80 8 17 17 64 61 64 8 59 65 37 73 25 29 9 17 83 89 3 44 40 2 16 89 46 89 7 36 89
100 3
65 34 89 18 10 86 28 46 83 34 80 54 55 41 79 61 44 11 83 11 46 19 92 98 19 40 95 46 58 65 13 81 91 97 49 65 82 56 88 53 36 8 55 92 23 58 44 61 25 72 55 65 78 98 7 16 91 26 22 97 73 29 94 94 14 44 43 71 62 5 68 40 24 66 55 36 67 32 46 7 58 19 27 70 4 82 34 26 22 13 61 64 16 49 40 39 24 59 86 20
100 3
17 56 37 2 73 32 98 9 57 68 17 23 36 8 58 93 23 34 29 76 54 55 63 41 44 71 56 53 83 14 65 89 24 67 74 77 22 45 21 65 50 86 38 43 83 46 15 88 14 80 64 83 65 41 1 92 35 53 14 81 80 25 11 56 42 41 56 88 98 53 80 80 92 41 23 50 19 35 38 37 4 59 95 20 61 85 5 77 67 86 76 54 24 21 22 24 64 41 13 23
100 3
63 7 97 50 86 21 11 49 7 97 81 18 74 2 31 8 54 46 62 34 85 49 6 44 10 82 74 1 55 26 88 15 31 13 28 22 40 58 7 21 25 34 58 25 23 62 28 17 68 82 67 75 35 55 64 38 7 1 43 29 29 14 52 13 89 10 25 69 91 89 16 41 67 32 8 89 65 82 77 17 14 79 93 54 4 76 11 22 20 97 43 43 75 74 67 53 98 98 16 47
100 3
74 11 77 7 47 9 70 88 14 38 41 8 26 94 57 59 26 91 17 51 39 73 98 82 6 41 77 77 91 44 19 74 35 17 86 92 68 50 47 60 8 83 60 46 44 68 62 41 82 11 85 35 14 91 62 94 59 97 8 74 80 29 62 20 98 86 61 68 47 95 14 77 25 68 28 2 35 33 21 80 79 25 42 29 71 89 17 91 85 14 39 83 98 5 78 97 10 8 17 71
100 3
79 46 49 65 2 67 3 55 46 64 42 69 56 7 46 34 46 28 49 94 79 33 6 74 81 73 92 82 23 6 55 2 84 73 35 69 16 76 88 94 97 2 89 62 40 40 84 70 61 97 86 22 35 40 13 22 55 43 85 61 63 78 28 67 61 8 75 31 39 70 22 74 50 64 37 58 13 41 31 21 88 46 28 14 38 31 64 74 51 28 47 28 70 41 67 29 79 6 64 35
18 2
48 6 55 80 46 78 38 12 33 30 77 18 35 62 27 52 21 53
100 3
29 92 49 20 38 26 25 86 38 26 69 62 86 68 35 62 98 11 17 79 32 19 56 62 44 74 65 86 98 89 87 89 38 41 80 13 82 44 32 71 79 47 33 2 4 7 55 48 50 38 92 74 26 95 65 47 38 50 38 47 86 53 70 34 91 38 3 77 29 23 89 80 76 62 89 80 50 64 23 12 39 67 60 88 45 77 17 19 23 35 32 5 47 8 40 76 26 77 71 44
100 3
37 47 92 16 38 86 5 35 86 14 57 71 70 32 24 91 62 31 9 19 83 85 26 45 24 37 50 42 62 71 17 73 32 13 68 70 59 56 79 41 29 89 91 77 80 23 17 25 2 25 82 53 89 45 97 51 82 89 92 95 63 36 74 89 9 17 85 47 23 14 31 23 63 8 14 44 52 92 82 5 85 91 62 42 35 23 80 40 74 68 86 23 53 53 11 40 68 47 91 37
100 3
43 50 59 2 89 53 30 4 50 87 53 62 90 28 83 46 44 23 65 95 46 91 86 80 39 20 20 2 81 13 52 26 56 86 80 35 44 73 77 26 1 88 50 91 46 16 5 89 41 38 71 35 77 38 13 39 71 65 38 89 56 44 62 17 2 8 77 39 83 70 68 95 13 62 75 50 47 35 9 76 98 5 56 28 26 86 61 26 10 40 84 61 5 50 32 80 8 68 56 8
100 3
41 1 81 80 88 44 7 89 26 86 80 26 53 5 2 26 65 33 80 69 65 25 70 95 49 1 29 83 98 21 77 68 23 20 35 89 55 78 8 35 95 70 64 89 80 5 26 86 23 77 94 89 27 32 89 16 61 85 4 8 16 8 46 97 81 28 40 26 89 82 92 8 73 87 35 47 76 17 5 95 24 80 14 50 68 40 19 22 28 35 5 49 58 70 85 59 23 8 2 73
100 3
54 55 31 44 38 40 14 61 10 52 8 57 83 55 5 16 95 4 44 58 4 48 13 5 7 41 65 89 46 81 11 10 38 56 41 11 11 46 89 44 14 53 95 91 95 11 61 17 47 49 71 67 22 22 44 69 46 38 5 17 65 49 47 24 8 92 71 17 17 12 15 77 97 77 80 13 55 53 20 32 43 64 50 43 43 25 32 80 59 76 44 14 26 53 96 62 5 20 20 11
100 3
83 29 97 51 26 35 23 10 31 44 6 17 71 2 86 89 8 49 33 77 40 65 50 32 53 37 14 56 38 80 79 23 55 44 80 14 62 98 43 1 14 86 49 74 52 38 53 21 93 44 95 38 59 29 26 2 68 5 64 68 73 19 2 20 88 14 44 10 95 47 53 59 88 67 71 26 26 47 8 98 35 74 66 86 5 80 23 73 70 3 2 6 40 88 8 32 64 24 53 19
21 3
10 16 76 22 7 7 67 10 43 17 47 13 88 65 29 82 20 7 19 68 20
100 3
97 90 2 65 19 13 26 69 86 11 26 14 5 78 72 71 23 29 79 1 80 4 26 77 53 26 43 8 65 92 77 97 62 20 40 94 10 49 22 29 26 69 61 71 55 83 38 44 59 14 55 86 68 28 26 86 1 18 44 93 29 86 50 3 62 34 5 26 21 42 5 59 44 64 23 75 98 38 38 35 8 86 35 84 37 74 1 36 37 28 58 59 8 61 87 11 89 74 66 65
100 3
2 8 72 86 56 5 38 4 40 37 41 29 8 2 62 29 29 71 56 4 71 32 26 82 59 83 97 72 90 37 15 65 11 20 2 35 23 49 42 43 41 75 98 65 28 2 36 8 83 71 52 83 53 88 80 68 60 50 71 29 2 44 64 87 14 5 95 5 29 68 65 68 1 75 11 52 89 98 59 67 2 95 94 35 20 76 77 71 1 35 26 53 29 5 13 5 53 3 49 80
100 3
11 35 65 31 48 2 47 23 86 68 88 26 80 36 90 73 5 97 35 8 92 74 65 56 97 77 37 37 80 25 2 4 80 59 82 95 86 92 47 66 44 82 41 19 11 73 46 26 28 67 98 47 36 21 25 71 82 5 98 71 59 81 14 95 13 41 54 58 55 41 92 1 7 19 50 59 58 31 21 6 14 41 29 59 19 61 40 59 62 68 54 92 92 48 92 26 8 65 81 86
100 3
7 60 46 83 37 26 2 31 89 60 97 1 59 41 4 17 22 22 61 7 88 43 65 74 63 25 22 26 55 67 1 86 61 12 91 19 7 27 72 67 88 25 65 57 58 31 16 76 55 26 74 29 55 9 23 96 70 88 11 70 49 98 91 61 64 19 85 68 31 59 3 61 67 72 67 74 95 49 85 93 53 56 47 7 58 94 37 61 98 25 13 64 7 34 46 31 72 23 43 70
100 3
97 13 55 91 94 67 2 45 82 35 72 94 49 8 28 58 49 36 82 58 73 85 70 20 90 84 94 52 1 4 74 73 11 44 13 4 19 79 13 4 55 88 31 38 25 7 22 13 62 85 13 94 70 94 91 86 25 56 10 44 65 77 53 33 22 73 50 39 91 59 46 40 21 37 58 28 58 38 64 61 84 53 96 68 79 25 58 17 85 47 1 97 1 68 66 95 63 9 22 22
100 3
64 76 13 25 1 26 90 50 25 19 30 43 74 58 70 70 61 17 56 7 50 32 88 62 87 49 59 51 97 27 20 37 63 86 14 89 2 67 68 13 5 49 76 22 46 13 46 7 50 50 66 35 70 22 76 10 76 32 35 76 13 89 78 85 23 34 80 25 30 53 25 82 23 85 94 8 16 26 96 67 22 17 71 94 53 92 39 58 52 10 60 4 13 23 2 53 65 47 26 18
100 3
92 7 2 73 55 51 59 46 85 83 30 26 80 33 46 73 79 96 82 73 55 85 88 89 65 40 23 61 95 21 25 14 67 18 16 17 73 34 67 55 7 67 43 59 7 7 25 17 68 34 10 40 63 94 31 13 76 31 21 3 7 45 69 43 95 81 7 73 93 76 70 4 43 40 16 19 59 61 10 83 77 79 55 91 62 97 40 64 37 28 7 25 27 74 46 46 10 4 73 57
20 3
97 20 89 50 28 28 53 82 94 14 56 94 11 5 8 59 83 7 84 79
100 3
67 34 83 46 22 56 41 46 62 1 13 22 79 40 28 22 25 19 49 4 97 44 74 4 34 28 31 2 86 87 23 55 94 42 67 71 65 32 24 85 43 67 94 1 10 19 50 10 68 22 4 70 85 4 4 16 67 95 31 88 73 84 97 41 70 61 85 24 74 88 94 43 88 36 97 25 97 92 82 58 18 88 59 85 22 74 25 28 37 50 70 68 34 7 94 46 37 64 54 10
100 3
67 49 97 28 10 62 70 23 69 34 46 61 38 67 49 34 76 85 76 64 80 58 62 1 14 31 94 68 98 74 7 72 96 55 43 91 24 22 81 93 35 40 91 71 98 40 28 94 43 97 58 31 86 7 41 58 31 43 28 94 86 32 22 52 28 5 34 9 80 23 64 43 82 34 4 16 14 37 91 11 32 19 82 83 40 88 71 52 49 23 40 68 65 76 23 64 10 51 19 79
17 3
8 1 40 92 59 53 94 82 43 73 88 56 86 53 29 92 92
1 2
47
100 3
7 82 13 47 22 58 37 79 49 40 16 82 58 22 93 26 23 97 49 4 74 6 43 82 73 40 19 21 70 68 50 76 52 79 73 40 1 82 43 37 64 31 28 73 8 52 22 55 11 41 1 66 88 4 68 1 1 4 81 22 7 3 98 4 76 55 37 18 18 34 56 13 58 61 1 67 50 64 49 65 13 1 41 37 73 37 83 31 16 46 68 67 4 35 19 64 37 28 10 61
17 3
5 40 10 23 1 88 5 16 65 8 37 44 5 64 80 58 50
100 3
51 82 52 25 80 8 31 49 31 25 79 97 42 82 64 25 4 10 83 49 52 7 7 4 61 13 43 29 19 50 84 10 53 14 85 25 22 64 80 17 22 64 40 12 33 31 65 14 37 73 22 65 70 3 1 35 61 4 70 82 86 52 48 58 61 61 34 75 31 77 85 49 27 52 43 82 50 29 64 94 58 94 94 64 91 49 77 25 5 67 94 71 73 47 38 40 16 32 90 12
100 3
77 56 26 62 94 65 67 29 61 94 41 68 70 83 59 77 40 89 94 55 63 37 1 16 98 34 67 52 1 46 65 37 5 33 74 13 8 84 22 22 64 36 10 4 34 7 14 40 13 17 98 89 19 79 50 88 19 7 62 63 67 17 63 2 80 37 35 95 17 13 25 44 52 14 7 59 85 97 44 76 37 74 97 19 17 83 57 8 17 46 64 19 49 19 88 49 52 77 46 47
100 3
38 73 29 98 74 16 10 62 62 20 49 52 13 6 17 65 25 74 49 62 98 41 58 30 88 88 8 4 34 49 86 25 14 53 33 7 19 65 53 7 45 75 88 88 17 14 64 88 30 98 76 50 34 51 37 87 76 87 19 12 53 22 52 14 13 3 13 46 17 36 25 28 82 76 88 62 67 25 65 21 86 16 31 23 61 35 69 22 46 31 94 13 68 64 34 13 85 55 75 97
100 3
76 65 58 4 52 24 8 50 85 43 32 22 19 56 55 56 7 34 37 32 8 24 94 22 19 44 7 88 61 25 13 79 37 41 27 49 86 65 46 4 31 86 30 43 84 71 16 88 25 43 25 47 73 43 35 37 58 65 46 19 52 26 52 65 17 69 60 91 67 31 43 64 85 73 97 7 88 50 97 76 76 49 21 70 82 10 22 95 67 7 46 26 16 65 41 34 37 47 34 97
100 3
41 83 40 28 80 64 25 58 49 20 50 77 40 2 92 74 47 79 19 62 4 83 21 14 38 5 6 95 20 23 52 68 5 16 52 29 20 52 95 10 97 38 67 29 79 98 76 83 69 32 95 43 43 95 17 80 62 94 86 22 47 56 4 55 24 62 50 50 62 62 18 8 60 23 29 73 23 14 78 95 57 68 52 50 29 41 2 50 62 85 44 35 41 74 61 35 59 86 89 80
1 3
27
100 3
58 58 37 37 95 19 68 17 11 43 34 31 96 74 43 67 29 88 58 43 37 76 58 55 97 65 38 31 34 94 64 5 7 97 1 8 28 23 61 88 51 77 77 31 74 95 4 13 38 10 61 67 4 25 39 19 31 28 82 14 76 54 80 49 29 53 73 22 28 53 4 64 73 43 79 73 25 34 55 13 73 57 97 87 76 88 73 13 34 31 22 76 34 91 59 85 13 64 12 20
100 3
35 86 44 65 53 65 65 7 85 13 2 41 83 11 56 32 70 28 2 95 88 17 70 46 56 80 98 14 74 80 98 38 8 34 20 20 47 48 92 1 32 26 98 65 86 2 32 31 12 2 37 56 10 24 41 92 14 61 1 73 60 30 67 65 14 7 73 8 95 20 32 62 60 8 82 45 47 83 28 44 38 92 77 46 92 4 90 62 19 38 38 89 86 5 64 28 22 58 68 32
100 3
64 63 79 76 19 20 91 92 40 43 4 49 22 40 73 70 43 58 46 49 50 17 63 79 71 1 44 61 73 64 82 14 31 85 55 1 2 36 25 4 23 70 6 50 40 77 20 93 82 61 40 25 70 55 79 60 4 88 32 15 46 13 35 44 20 55 5 8 43 97 85 73 55 27 42 82 14 14 67 86 98 44 85 14 35 80 83 25 73 29 19 91 73 37 16 44 47 20 4 6
14 3
31 82 31 65 29 62 83 88 88 25 22 95 5 86
100 3
88 28 53 10 55 73 13 4 87 46 43 45 1 2 42 38 70 82 35 38 40 88 82 43 47 92 20 34 30 68 88 7 97 81 10 54 37 34 59 62 67 31 51 22 23 68 16 29 40 70 1 49 59 17 7 4 82 52 36 95 32 25 61 52 63 41 57 37 36 94 95 28 13 76 54 94 88 20 61 91 32 31 73 70 55 31 61 19 88 29 61 35 25 28 88 61 79 94 70 34
100 3
11 14 65 32 5 88 73 50 51 1 59 34 26 77 35 1 23 50 29 66 48 8 68 92 86 68 39 59 32 23 58 2 49 77 10 94 23 94 42 90 89 85 45 17 20 77 64 53 25 40 5 95 4 85 49 60 7 92 98 50 95 20 16 41 72 59 32 41 33 86 5 2 83 5 73 22 29 11 76 73 40 60 50 46 50 10 10 50 70 64 83 92 59 35 56 88 58 17 1 9
100 3
28 10 34 85 95 94 6 97 79 81 25 93 70 73 5 1 41 41 97 79 67 53 10 10 53 40 41 22 81 83 58 51 98 73 55 93 81 84 68 53 61 97 67 13 62 76 82 70 87 73 94 63 40 73 58 7 64 34 4 54 32 65 3 38 55 57 25 79 91 5 4 78 60 8 76 77 23 53 68 76 94 74 54 76 75 91 23 2 63 94 11 52 67 59 72 10 40 34 23 44
100 3
21 32 86 28 5 5 71 39 17 44 62 8 40 77 26 66 35 26 32 32 77 5 76 83 77 5 85 53 62 56 5 70 14 98 56 26 37 32 32 74 89 77 38 79 34 86 64 23 77 43 61 8 41 44 18 12 50 37 76 56 74 29 53 83 47 34 37 40 89 11 74 77 85 80 2 15 79 75 19 47 59 43 37 8 56 50 92 35 91 47 6 60 40 50 81 95 47 53 2 84
100 3
91 40 76 18 34 45 79 86 95 60 60 53 86 68 52 56 26 53 86 74 35 95 64 56 47 31 56 89 2 57 65 98 41 16 42 43 25 32 50 14 47 59 81 2 47 42 97 70 2 29 11 5 89 6 46 51 14 76 10 51 61 21 41 5 67 1 68 41 80 32 41 1 26 83 79 56 70 23 50 23 47 65 84 11 26 5 42 39 53 40 56 28 71 70 56 40 77 80 91 92
100 3
4 49 46 70 36 91 49 45 97 4 26 85 46 58 82 32 67 19 46 28 73 37 93 25 55 52 71 16 40 61 49 41 82 95 47 43 86 14 43 67 19 55 86 83 82 47 83 29 15 28 17 25 64 52 55 61 41 71 96 88 95 37 35 67 43 31 88 31 77 80 37 43 4 61 18 85 4 93 17 37 60 46 55 2 3 16 92 29 22 74 62 59 43 22 13 82 37 41 37 79
