100
4 3
4 5 6 4
4 2
4 5 6 4
3 3
1 1 1
100 3
89 44 89 64 44 26 11 20 47 59 35 56 58 43 81 65 53 55 66 5 74 77 92 79 76 13 69 69 55 73 28 56 85 98 11 73 70 82 35 68 53 53 71 70 17 27 20 54 61 11 38 89 31 19 14 77 82 83 80 77 95 88 50 80 22 40 14 41 67 20 77 33 55 25 80 47 98 29 77 67 46 34 5 62 58 93 88 10 38 68 68 2 83 23 8 49 39 92 8 73
100 3
17 37 17 23 3 74 20 80 57 71 26 56 5 57 65 86 20 71 35 80 87 86 38 77 95 68 32 79 37 85 20 59 5 56 40 5 69 92 94 91 74 91 98 25 72 79 1 12 82 26 68 83 77 4 38 60 23 95 98 37 47 75 87 46 65 8 83 44 89 69 5 71 35 62 67 66 59 92 50 17 26 48 43 83 2 40 42 47 92 29 13 62 21 15 7 64 38 50 10 16
100 3
56 17 10 7 58 98 85 51 85 2 83 17 23 86 52 65 20 15 68 97 28 36 73 80 38 43 86 89 11 26 55 47 95 70 34 81 2 5 32 44 16 89 2 7 50 77 85 32 2 2 62 41 27 77 88 54 73 27 80 30 26 49 6 47 63 17 83 53 83 65 79 50 93 77 58 89 13 41 38 59 82 64 13 28 68 8 2 34 41 65 11 83 80 2 60 54 49 81 94 98
100 3
28 68 46 34 92 34 62 44 1 79 86 67 53 22 5 88 83 73 73 5 97 89 37 52 97 7 32 94 21 85 47 28 22 22 76 55 55 61 85 64 13 37 60 70 40 22 62 26 22 88 65 89 94 67 97 22 95 4 5 64 25 76 91 48 97 17 31 59 48 64 82 65 31 85 57 7 18 7 52 85 73 61 42 19 98 26 40 82 13 37 67 62 77 50 37 70 28 49 46 65
100 3
61 33 83 31 39 15 53 53 52 20 68 39 61 71 56 70 65 12 40 15 37 59 53 5 92 40 14 52 74 55 25 62 90 50 71 28 51 62 64 26 34 55 29 21 41 32 23 11 13 64 61 26 67 92 26 98 5 52 82 11 29 25 16 52 47 35 53 90 5 57 17 40 50 86 74 26 71 1 44 89 4 46 74 13 38 36 1 77 14 25 2 56 29 91 4 74 62 98 8 96
19 2
14 65 44 16 79 11 74 87 81 33 52 55 90 88 93 68 43 34 56
100 3
44 74 89 17 46 58 46 29 55 91 13 22 89 53 89 10 39 64 17 49 64 22 7 52 59 85 3 75 70 82 13 37 94 83 46 26 59 76 46 79 73 79 29 3 50 2 14 83 50 15 22 52 16 91 31 61 72 19 26 25 82 47 80 21 35 1 50 4 6 35 96 31 1 4 1 26 35 81 86 21 14 58 51 34 31 46 58 88 37 50 22 6 5 34 1 4 98 38 88 39
18 2
2 94 94 99 61 62 20 5 28 31 21 2 65 48 1 9 2 96
100 3
61 20 8 85 61 73 44 7 46 74 40 97 40 17 43 28 17 83 79 59 95 1 46 49 26 31 7 52 46 49 49 11 97 29 82 46 62 4 88 88 96 55 32 88 43 91 43 97 45 62 26 25 95 34 55 76 39 47 49 46 40 47 4 43 76 34 52 28 71 55 63 8 11 1 38 65 97 62 7 38 47 50 13 7 98 79 98 11 86 22 91 17 10 29 76 2 59 55 14 35
18 3
91 37 43 85 37 59 34 49 87 65 85 16 22 67 44 89 5 85
100 2
36 73 45 71 87 38 93 39 22 59 1 51 93 48 17 58 53 77 86 59 85 8 15 4 59 62 17 84 35 67 33 73 30 9 5 17 48 45 90 10 41 71 43 90 52 23 81 35 63 94 8 60 46 86 16 70 49 81 20 72 28 88 92 31 67 80 86 58 60 66 20 18 61 68 94 17 5 28 30 19 84 18 75 73 91 21 90 30 28 45 69 72 17 51 2 46 22 53 42 8
2 2
29 25
100 3
30 58 37 31 8 52 91 97 59 28 34 16 40 7 44 89 16 87 85 38 12 34 60 30 10 67 11 25 58 38 13 43 91 21 41 67 22 1 2 70 38 37 24 19 63 68 10 40 82 76 48 31 1 31 77 11 34 84 83 65 79 62 19 10 14 9 19 55 55 79 86 19 67 79 62 36 10 4 25 52 2 10 29 69 41 67 84 91 10 93 11 68 55 59 79 57 7 68 60 88
100 3
5 79 79 32 86 74 81 85 97 88 6 82 37 70 38 53 13 56 65 35 1 19 89 14 53 58 86 1 97 9 56 36 3 32 55 35 17 10 84 35 43 28 89 21 12 16 34 89 50 26 10 85 44 16 49 34 58 4 49 43 62 22 74 10 49 31 28 42 74 55 42 25 49 35 7 88 94 70 94 95 37 25 52 2 98 63 43 94 58 88 88 4 76 2 94 73 70 77 84 74
14 3
41 22 52 91 71 23 83 86 13 89 67 79 65 76
100 3
31 40 37 87 10 43 76 22 57 85 8 58 46 43 16 85 21 95 7 13 42 85 46 89 28 67 37 52 16 28 28 28 10 85 93 40 59 79 1 22 67 14 83 70 67 24 91 49 85 16 15 23 16 79 28 60 73 64 46 97 79 5 10 65 7 52 73 71 79 20 94 1 80 37 23 95 36 94 35 10 97 89 85 32 84 37 76 17 76 52 93 90 37 3 27 76 61 82 55 73
100 3
86 92 71 2 10 95 97 65 50 28 19 28 11 71 95 50 37 98 76 71 80 41 35 80 95 27 75 53 23 38 62 85 95 71 77 23 53 29 32 43 44 87 14 16 25 71 86 5 32 59 93 57 6 82 1 52 16 91 50 31 98 23 80 39 29 69 5 42 83 77 11 15 70 61 62 19 11 26 41 71 41 35 59 71 59 83 47 77 94 9 31 32 98 5 20 56 29 71 53 29
100 3
40 79 76 52 35 72 74 80 97 97 84 68 91 73 55 92 16 97 48 43 13 54 13 31 76 25 26 29 94 77 16 46 90 91 32 30 37 64 16 43 12 59 71 40 64 58 34 26 47 80 77 53 58 49 76 58 67 34 86 22 94 74 7 91 46 73 1 86 28 91 4 88 40 73 55 38 47 66 14 4 66 95 41 50 25 74 28 88 76 37 19 79 4 95 64 46 79 67 73 54
17 3
37 80 8 53 55 39 20 98 25 68 54 7 28 54 57 7 44
100 3
59 96 71 47 52 98 14 77 20 23 48 52 98 72 74 61 52 5 32 47 32 76 64 32 66 64 27 56 41 16 5 8 65 19 27 46 14 26 46 32 53 34 22 25 65 95 77 86 74 94 98 40 57 79 49 26 54 80 74 28 56 59 44 23 82 8 34 83 52 44 35 80 32 59 68 8 53 27 13 76 77 41 21 59 53 59 5 47 11 98 95 89 76 80 89 44 11 25 19 71
100 3
71 82 17 17 11 68 70 34 11 37 83 8 44 29 71 56 29 53 86 14 5 61 44 28 19 92 29 2 88 95 29 29 60 92 26 47 38 16 73 71 86 92 41 26 95 64 73 65 47 72 23 38 52 24 37 77 19 84 80 11 17 83 93 61 26 15 70 2 80 71 28 52 26 82 3 2 59 26 86 32 68 47 71 86 17 91 50 4 62 68 83 34 48 88 56 25 88 67 77 23
100 3
67 28 68 28 95 41 8 13 89 86 33 22 26 47 26 8 56 7 14 62 8 8 44 80 2 74 3 32 79 19 95 14 80 83 68 94 38 68 93 7 21 86 59 5 31 70 44 50 53 23 98 86 76 19 44 65 11 25 69 70 86 8 17 35 68 11 84 56 5 56 11 38 47 34 95 2 65 86 88 34 20 80 40 83 17 39 89 60 43 49 52 91 8 94 14 33 61 71 68 94
100 3
58 26 88 71 44 37 59 28 83 76 68 7 40 38 32 94 73 60 8 70 70 91 50 97 76 52 37 47 26 83 2 35 79 26 97 34 64 98 70 73 59 33 97 13 31 61 76 41 37 32 67 38 52 11 16 55 16 98 38 5 68 43 31 97 31 43 55 85 77 2 56 80 95 52 52 94 80 58 31 21 5 19 28 58 86 11 13 1 7 5 4 5 64 64 16 51 97 67 56 93
100 3
88 67 67 36 49 27 19 48 74 71 21 27 19 66 83 2 83 25 98 55 97 85 41 41 5 9 86 80 76 29 94 25 73 23 49 13 22 31 79 1 98 59 77 25 50 43 46 55 39 82 70 13 46 49 13 20 59 88 59 76 80 19 43 78 17 33 90 68 60 40 64 19 82 10 76 93 84 59 10 37 73 88 73 88 32 64 49 59 12 13 73 94 88 46 10 91 88 95 8 38
100 3
85 86 88 40 4 14 16 13 94 79 43 64 53 25 64 74 91 29 34 10 64 46 71 35 46 73 83 94 59 11 85 34 97 43 7 55 59 14 14 97 79 55 1 7 94 43 28 76 79 1 58 58 60 87 5 31 49 35 31 16 7 59 58 54 64 58 82 79 10 82 58 25 29 23 41 61 76 97 85 31 7 23 9 97 72 61 20 64 97 40 86 31 73 6 82 53 12 65 28 88
100 3
13 52 70 49 19 16 71 25 96 10 71 70 37 4 70 46 64 67 83 79 22 17 82 64 61 88 45 44 70 38 76 10 77 3 11 1 10 16 76 22 34 38 27 95 68 91 10 34 91 79 46 47 1 6 25 37 97 22 64 82 55 98 49 86 46 41 9 37 17 79 12 35 89 2 67 29 31 70 34 82 29 31 49 3 94 71 80 35 76 8 52 58 1 49 76 87 11 46 41 85
100 3
11 85 98 11 86 73 25 35 49 54 6 68 98 1 24 77 62 42 92 32 71 73 11 71 89 83 56 47 74 29 68 26 71 45 20 3 28 44 23 59 62 4 46 17 5 12 46 38 20 76 35 95 98 20 61 32 22 37 23 89 1 27 20 29 46 7 18 22 39 71 65 31 89 41 98 90 62 23 74 74 10 44 86 66 56 10 49 72 2 38 17 84 18 44 60 46 26 88 2 95
100 3
35 32 64 40 36 83 20 82 32 34 14 67 17 10 16 8 55 17 57 27 47 23 14 35 89 89 40 9 83 11 18 47 88 49 71 89 20 16 47 44 37 33 34 88 74 8 41 26 14 51 4 47 53 13 89 73 29 49 5 71 71 11 17 62 62 59 32 19 55 89 27 29 7 44 35 86 89 76 11 98 95 80 1 50 52 70 59 73 53 35 61 68 2 76 23 2 88 46 82 45
100 3
96 1 77 67 82 46 18 5 61 62 38 78 88 94 22 22 31 20 74 37 92 44 50 67 46 55 49 19 89 25 82 49 80 14 14 16 91 62 74 13 35 8 22 97 25 1 20 10 44 36 68 17 85 77 80 77 2 95 28 23 31 22 28 4 43 16 1 74 81 97 85 73 58 37 55 37 85 67 14 4 67 65 67 60 40 61 76 19 88 4 93 78 49 93 43 13 75 41 49 82
22 3
96 56 20 42 57 17 56 95 74 92 88 25 26 50 97 19 49 53 53 98 44 92
100 3
67 94 59 53 58 46 47 53 79 47 13 17 67 81 58 80 97 44 62 14 8 4 30 64 97 91 37 8 40 3 64 69 3 20 82 76 52 7 40 4 90 61 43 93 65 17 68 70 66 19 7 73 60 1 55 25 29 25 91 16 62 12 79 3 40 31 76 71 50 41 59 14 19 13 67 84 29 5 89 46 29 38 67 86 79 55 40 13 58 44 49 4 82 19 85 88 72 22 4 19
100 3
32 78 59 16 41 13 73 16 98 41 86 71 43 10 16 55 97 64 17 73 82 22 55 37 69 7 17 16 71 49 28 86 53 52 66 23 94 52 78 7 42 98 82 73 90 78 4 44 23 80 76 61 34 74 1 25 22 70 7 82 16 58 15 49 59 79 25 43 82 69 25 39 70 58 34 47 2 55 28 86 92 73 73 69 72 76 77 2 70 13 73 45 45 34 34 67 95 61 73 65
100 3
2 79 29 59 39 45 29 14 17 1 85 97 92 20 74 6 29 59 71 23 22 83 38 79 11 17 97 47 6 47 14 32 88 25 87 41 68 16 41 26 12 60 26 64 62 5 86 56 8 4 46 77 19 80 95 2 84 1 44 92 35 89 41 98 96 25 10 77 2 41 81 16 74 85 94 59 56 44 44 26 80 59 95 82 46 43 10 50 14 57 40 25 20 16 74 86 71 83 72 94
1 3
56
100 3
22 17 94 94 85 31 7 1 7 77 44 70 50 61 89 10 47 13 94 55 40 38 95 32 1 74 65 62 41 97 56 46 68 58 77 47 67 20 13 83 8 31 2 47 8 35 80 49 13 7 83 92 2 67 79 92 44 40 4 92 34 31 25 14 8 8 37 82 52 23 86 59 97 62 62 85 32 13 35 13 5 47 88 22 73 76 94 64 62 7 44 2 64 11 56 4 91 4 17 26
100 3
29 4 43 73 53 50 19 49 23 10 86 79 17 34 24 73 13 88 47 25 4 25 91 10 19 94 1 5 62 7 58 79 28 96 90 7 98 10 70 25 23 97 89 40 76 53 64 40 91 86 66 37 59 88 82 91 88 70 34 16 50 58 20 46 40 32 5 31 7 4 10 60 88 10 35 31 11 91 56 28 34 77 62 29 70 83 65 10 50 26 91 70 4 41 61 73 31 55 22 25
19 3
71 79 41 62 12 98 26 65 47 8 40 28 67 14 25 82 92 41 41
100 3
88 7 37 58 91 97 61 94 33 43 2 28 83 35 81 34 52 88 46 22 19 52 73 43 93 39 23 1 8 91 71 91 85 82 40 34 37 52 2 58 10 9 74 41 28 61 46 46 76 76 2 25 80 32 6 73 28 50 15 35 49 46 46 57 56 55 47 52 88 43 14 25 28 97 37 55 88 7 14 67 36 16 19 61 61 29 73 37 19 65 71 5 19 70 73 40 7 71 31 59
100 3
70 83 12 8 37 70 86 25 16 5 85 77 33 80 85 73 55 59 35 68 55 15 48 77 40 60 56 64 67 61 43 73 46 92 37 83 40 28 11 73 35 85 18 88 97 19 64 19 64 58 29 55 80 91 81 40 25 70 58 33 84 49 25 6 40 38 28 43 17 78 54 42 87 40 48 37 58 97 33 95 34 52 32 94 49 31 79 28 37 27 97 41 53 68 68 43 12 94 31 76
1 2
98
100 3
10 31 58 55 49 41 2 18 12 68 69 58 13 80 2 34 31 19 1 55 8 82 43 19 68 73 52 20 34 33 37 69 55 17 74 59 19 97 34 33 28 79 19 53 58 88 73 61 31 34 19 33 70 71 14 67 7 95 7 88 40 91 38 91 73 73 65 56 67 1 73 34 4 28 46 8 28 70 79 82 22 55 81 22 97 7 16 33 16 43 25 82 56 43 67 1 68 11 31 40
100 3
2 91 94 38 16 71 41 52 40 20 89 8 70 45 2 50 58 18 24 49 82 53 70 22 86 64 12 71 76 92 80 41 35 77 2 64 26 41 59 37 20 41 4 83 23 74 47 11 20 82 59 70 13 14 32 17 15 11 44 52 71 61 14 7 2 44 25 83 14 38 73 80 11 26 56 94 68 12 32 30 5 83 68 86 29 59 56 51 60 29 89 83 17 5 53 74 35 11 88 27
100 3
37 22 37 93 71 35 25 13 46 29 14 98 62 95 35 85 2 71 25 33 65 48 30 68 97 58 83 68 61 64 41 42 64 98 38 11 53 41 68 85 56 86 40 55 59 20 50 41 77 80 20 46 11 47 79 23 19 2 77 32 33 14 20 74 5 94 95 89 20 50 3 40 86 31 71 8 37 29 4 30 41 46 59 41 32 79 47 68 97 46 38 14 38 95 69 10 53 55 44 62
100 3
62 52 20 7 23 40 53 82 3 71 11 16 47 18 63 96 52 91 17 38 59 23 3 70 56 32 20 38 20 71 17 89 4 38 38 78 77 98 20 17 80 28 43 32 73 67 14 20 97 32 97 44 79 21 98 21 29 43 28 76 86 43 1 95 5 63 62 23 71 92 68 47 65 81 17 49 11 22 83 20 44 83 10 64 59 2 35 64 83 42 9 57 21 23 47 50 7 81 5 59
100 3
89 59 16 90 14 23 74 41 41 66 92 58 20 95 81 20 74 53 29 98 59 26 11 92 59 17 62 10 31 80 25 25 59 10 6 89 23 96 44 26 73 28 58 4 5 34 28 65 83 76 11 22 16 14 1 58 14 69 16 36 23 41 17 26 5 61 68 67 74 36 41 8 49 58 32 91 47 32 92 38 14 24 7 54 22 20 65 91 47 30 61 73 55 9 89 82 41 29 79 98
100 3
29 78 49 1 47 40 7 79 10 7 64 88 70 82 95 88 79 88 52 86 97 94 37 7 10 34 97 50 7 1 85 15 94 6 6 22 59 25 58 41 79 88 11 79 13 2 89 82 80 86 46 28 17 41 13 23 76 77 91 79 90 25 82 32 70 63 49 52 71 4 4 48 13 24 4 16 37 1 65 76 43 34 41 31 10 15 53 61 67 40 41 84 73 67 19 8 54 51 25 58
100 3
70 72 70 85 37 88 46 23 13 98 64 40 58 91 44 60 46 60 28 22 4 4 37 76 58 45 73 65 50 66 79 28 79 79 29 31 16 79 40 58 42 21 17 23 5 52 67 15 25 43 7 46 61 22 67 93 82 1 63 11 2 40 69 70 46 22 19 4 90 84 5 47 85 43 41 94 54 9 96 31 81 97 94 14 11 26 4 68 59 1 63 94 96 43 43 25 22 6 76 2
100 3
2 62 19 71 98 25 5 27 46 72 83 80 44 76 74 1 52 81 51 61 60 89 52 61 69 98 29 58 68 46 59 23 71 52 95 29 62 38 68 30 94 98 97 14 71 65 40 47 62 11 75 56 53 20 86 11 10 67 92 21 5 8 59 72 82 34 86 32 68 47 88 66 64 23 76 75 20 40 37 73 77 17 22 16 71 5 59 44 85 86 2 64 2 52 2 52 16 52 17 2
100 3
32 73 20 86 7 35 69 19 49 65 23 79 50 45 65 9 44 68 2 7 65 55 84 46 29 89 11 28 89 89 23 89 93 29 14 23 65 43 29 92 3 26 50 35 69 37 58 62 98 28 77 10 94 84 71 15 52 89 30 95 80 32 88 93 80 20 29 77 22 89 74 5 13 64 68 97 14 65 41 5 1 89 64 11 16 23 56 31 26 25 32 37 76 68 66 97 50 83 22 49
16 3
10 88 10 34 37 53 65 71 91 59 5 23 21 25 76 83
100 3
23 50 88 95 52 85 44 81 86 80 26 71 83 5 49 77 58 50 47 34 70 2 20 50 83 19 36 28 43 16 49 44 64 78 80 95 56 41 62 62 29 59 7 47 80 20 19 41 53 19 47 29 62 34 62 26 1 1 26 79 97 53 86 51 44 8 89 55 23 56 74 58 77 37 15 80 1 16 31 23 47 95 27 44 44 26 88 64 58 20 52 98 19 13 59 77 25 56 4 38
100 3
35 85 58 86 1 38 64 7 31 95 28 7 23 8 14 20 44 67 31 22 4 13 58 43 14 5 2 98 22 32 16 98 47 96 44 40 9 37 7 43 94 9 25 14 50 47 1 83 1 34 28 49 52 67 31 46 37 85 19 74 91 13 36 43 87 86 19 98 4 89 94 85 37 74 4 98 40 55 4 7 40 19 19 82 32 40 81 95 78 4 22 5 22 11 88 21 25 92 51 16
100 3
49 79 57 52 35 82 32 41 10 86 13 79 91 79 31 94 70 26 43 39 79 94 1 40 59 45 64 85 4 34 73 81 38 94 51 76 1 12 58 89 94 95 44 49 45 82 63 15 1 73 53 28 1 14 21 97 17 29 5 40 86 61 52 22 16 43 43 45 4 7 37 94 4 17 83 77 10 65 73 86 59 95 76 22 77 31 79 49 82 61 88 91 9 41 7 61 97 34 16 1
1 3
66
100 3
79 31 54 59 36 37 77 18 32 84 44 64 31 68 74 46 66 33 3 25 12 98 86 80 92 8 58 45 68 70 15 98 7 73 76 44 20 80 50 28 75 82 62 94 52 42 75 41 88 82 94 29 97 49 40 82 49 19 97 1 31 2 85 69 39 82 97 1 49 94 13 14 17 17 41 86 76 83 58 76 19 32 10 55 3 44 92 65 97 28 50 34 7 64 88 90 58 18 13 55
100 3
95 68 41 71 65 89 50 14 47 65 77 27 98 79 37 47 68 65 74 56 95 11 23 35 40 98 31 66 1 74 52 35 8 76 86 98 89 56 42 69 70 17 95 40 77 8 2 11 16 70 14 49 50 17 89 59 7 59 98 92 13 17 59 88 67 44 62 98 25 28 38 72 5 64 41 35 62 41 17 52 34 52 41 8 61 65 73 71 68 17 72 41 1 5 89 89 7 26 45 38
100 3
59 28 88 35 1 8 26 13 80 29 71 40 14 48 59 56 47 59 32 29 4 2 17 23 53 37 7 53 31 8 97 11 56 85 1 2 87 59 38 60 77 20 78 71 88 14 97 44 80 1 31 56 82 92 15 20 76 89 59 23 53 85 77 95 5 11 82 35 51 72 82 98 23 23 7 74 48 69 89 37 92 16 49 23 8 38 15 68 50 17 74 65 77 92 17 55 80 36 39 55
100 3
45 89 92 14 67 28 89 19 38 85 35 59 47 12 89 35 41 1 8 92 46 8 39 56 74 74 70 28 66 53 77 25 3 19 86 79 29 55 26 71 76 41 71 2 98 16 91 20 49 88 8 2 59 29 39 72 5 8 29 37 84 74 22 62 49 23 79 62 68 45 42 16 25 98 23 35 38 95 50 70 10 92 16 85 51 29 74 86 52 82 76 77 9 83 15 88 26 3 17 77
100 3
52 76 88 53 5 58 1 40 85 22 16 79 59 2 40 34 94 29 94 79 92 35 44 20 75 62 13 55 7 53 97 38 92 46 31 7 46 7 89 81 67 46 71 70 91 82 34 48 35 82 68 13 88 86 38 88 73 48 57 74 32 92 25 49 49 82 68 15 71 4 71 55 22 73 94 16 73 31 91 7 25 10 79 82 34 19 43 26 97 19 79 26 11 52 86 92 58 52 58 91
100 3
68 62 64 68 67 11 88 41 62 68 28 8 35 74 14 83 29 58 26 79 77 62 97 25 53 29 50 77 83 14 32 90 93 38 62 31 45 98 80 60 82 32 98 25 74 80 74 96 71 50 29 58 2 20 98 11 51 52 74 62 7 40 62 29 25 15 80 83 54 98 62 14 2 68 26 82 68 34 38 83 92 65 56 44 92 44 74 46 49 38 41 14 11 80 46 24 59 52 90 8
2 3
67 91
100 3
64 80 50 73 70 52 67 32 25 67 61 59 71 25 68 85 51 11 49 48 25 65 40 1 25 63 25 16 81 41 15 82 24 67 85 22 73 25 46 55 44 64 89 92 33 58 17 59 67 94 91 64 37 31 1 58 40 46 47 84 83 46 52 38 4 56 22 13 67 33 71 67 13 13 47 10 89 59 49 58 1 21 7 47 32 94 41 43 63 31 7 2 76 12 53 98 61 18 7 73
100 3
53 3 16 35 40 7 16 67 58 67 3 86 69 16 46 90 2 76 37 7 96 32 84 1 4 22 64 43 56 70 6 10 44 50 67 10 95 81 11 22 55 79 97 73 4 19 70 71 49 94 68 36 67 67 31 61 67 72 60 25 64 58 32 31 28 74 17 88 17 1 58 37 21 55 28 49 32 61 76 88 79 63 61 67 58 1 88 79 95 32 58 96 97 25 79 1 43 52 7 98
100 3
41 61 47 23 71 71 84 50 41 11 35 41 35 50 73 24 53 74 77 65 19 39 34 20 26 91 26 50 79 29 91 83 47 5 19 72 35 32 1 47 74 87 80 17 65 46 49 22 71 2 17 94 38 37 38 95 47 37 28 14 50 56 11 4 50 62 14 43 26 35 68 45 71 68 8 49 17 85 59 17 80 74 94 9 41 32 34 86 41 14 17 70 82 1 83 92 62 4 40 80
100 3
28 68 10 20 1 89 55 91 94 19 17 19 4 10 13 72 34 79 94 79 85 94 34 37 55 9 13 44 59 48 96 62 83 29 28 20 67 76 46 7 13 76 52 91 85 34 5 61 89 52 34 18 5 31 97 94 91 47 11 37 58 38 16 19 49 50 61 43 16 61 71 58 66 19 19 19 85 74 39 73 35 13 37 79 14 4 18 89 77 4 14 14 70 13 88 92 92 50 85 38
100 3
53 67 41 46 38 67 88 22 61 86 48 85 8 94 61 13 83 70 60 31 1 88 63 50 19 61 26 81 45 40 2 2 40 52 64 5 58 52 33 83 89 80 31 10 19 89 94 84 97 56 10 13 90 35 48 73 16 4 65 98 17 50 55 51 35 91 68 1 57 8 47 85 47 23 82 38 20 55 83 96 2 97 10 44 10 72 1 97 88 71 38 82 37 95 73 23 79 61 79 76
1 2
25
100 3
14 95 80 26 50 86 59 89 16 2 53 58 60 97 83 17 59 14 77 7 32 25 58 63 2 11 5 53 85 21 41 51 68 40 64 78 68 41 29 5 87 76 56 82 95 28 71 61 53 89 98 40 32 80 5 20 32 96 55 50 92 70 1 86 26 5 71 98 53 23 73 22 95 74 35 50 14 61 49 29 31 68 98 5 97 82 86 80 64 83 1 19 62 26 97 12 20 23 15 80
100 3
92 73 16 37 13 2 38 73 88 62 94 46 91 23 34 95 53 51 16 79 71 73 63 41 91 82 9 31 69 86 73 1 66 14 37 25 83 47 40 34 13 40 97 46 64 2 79 65 97 73 43 38 70 58 85 95 71 65 10 32 40 33 86 22 87 94 34 85 82 46 70 89 92 88 95 61 25 67 34 25 34 91 73 97 88 28 78 20 59 55 4 44 35 70 12 11 19 73 1 28
13 3
62 37 43 28 7 47 98 53 34 61 71 76 5
100 3
89 62 19 50 89 11 91 10 77 71 89 50 7 65 35 2 20 5 32 8 73 8 83 14 38 29 13 47 5 32 8 23 7 23 41 56 56 87 53 15 56 35 86 61 70 63 86 92 43 7 80 20 79 47 49 51 35 78 17 62 88 89 42 26 29 57 35 77 27 39 47 92 53 50 46 95 86 20 1 40 38 71 46 74 26 62 52 5 77 59 89 68 8 71 62 97 58 61 91 20
100 3
31 97 83 13 17 79 91 37 89 4 43 34 8 55 16 94 88 79 51 73 82 38 49 19 1 78 48 61 31 43 59 58 16 59 49 73 92 61 58 67 34 4 28 61 76 25 53 40 61 67 53 31 43 46 11 91 69 16 25 65 70 17 7 31 24 85 85 22 78 65 64 59 34 28 46 26 53 61 80 8 42 94 29 25 85 23 74 8 1 68 38 53 46 15 25 16 47 37 80 19
100 3
19 13 90 32 49 7 91 4 15 43 40 85 67 39 64 37 70 58 43 40 76 79 64 28 55 87 95 29 57 77 13 26 20 35 69 39 44 7 32 94 67 88 66 22 82 88 44 11 11 68 19 40 44 51 59 96 40 41 52 31 28 34 1 24 58 4 97 62 23 37 47 94 94 23 88 93 65 82 7 17 94 17 40 19 4 13 32 25 40 25 85 76 79 94 7 52 13 91 58 18
100 3
26 87 62 1 55 44 83 68 45 70 47 74 46 29 29 62 86 39 47 82 28 56 51 32 50 71 25 17 95 58 1 80 26 41 26 59 35 97 98 47 32 40 35 62 35 11 87 44 60 77 65 52 62 62 82 11 23 59 26 41 71 82 32 17 95 80 59 47 98 90 35 17 32 41 10 10 88 67 14 80 7 31 44 38 89 65 98 11 75 96 49 26 71 19 76 16 94 41 5 86
1 3
43
15 3
88 93 1 91 11 46 65 35 67 23 20 77 53 94 28
3 3
5 29 98
100 3
96 35 89 40 45 65 47 89 80 22 44 17 6 34 5 30 60 37 80 43 58 4 35 5 9 38 71 61 41 8 14 1 38 74 72 31 71 95 10 61 71 46 88 35 3 55 33 41 86 89 92 59 35 5 1 43 89 26 92 82 70 11 88 55 55 26 60 38 14 26 61 96 29 71 74 82 16 20 53 65 49 22 82 47 2 3 95 22 26 98 37 53 94 16 82 8 92 31 23 13
100 3
81 46 91 1 76 35 16 86 1 64 61 59 38 33 56 26 89 58 73 15 43 1 80 19 10 70 59 73 45 28 64 25 16 82 91 64 4 64 53 88 43 19 90 4 55 4 61 89 39 5 62 94 95 9 4 76 76 28 77 35 92 29 10 91 80 44 1 61 40 27 35 65 52 28 60 40 14 13 37 88 88 25 86 61 16 80 1 65 49 91 68 13 43 58 47 66 82 3 76 51
100 3
13 35 86 88 43 38 82 70 88 49 46 26 11 26 8 7 40 50 79 9 64 67 16 2 28 67 43 31 23 68 70 26 31 63 27 73 92 97 55 40 61 56 89 94 40 14 13 5 10 73 23 37 25 55 31 5 22 19 71 73 83 29 98 7 55 70 94 55 76 32 4 73 60 31 91 76 56 67 70 29 61 91 67 64 88 43 49 65 7 49 22 68 80 82 70 89 88 78 58 56
100 3
41 20 20 35 56 79 14 95 20 32 20 95 23 52 23 10 27 41 98 73 53 62 55 11 85 5 58 79 80 2 14 8 1 76 27 94 5 53 59 1 41 13 59 29 95 26 73 80 94 53 98 65 34 34 83 44 14 89 5 92 7 92 55 71 82 50 22 59 7 56 62 39 53 72 53 38 26 43 17 11 20 92 41 83 8 17 41 89 83 19 98 80 73 14 92 34 71 29 50 65
2 3
83 62
100 3
83 78 13 64 27 55 86 97 28 37 73 2 64 92 82 92 25 73 11 67 91 56 73 58 55 58 2 52 4 20 28 59 13 53 45 41 67 95 23 34 91 31 79 24 82 48 50 40 56 75 55 46 50 93 70 73 37 56 82 35 61 71 65 2 25 40 94 91 79 65 80 21 66 43 16 82 97 32 64 58 80 48 88 52 83 13 64 22 10 54 69 83 7 22 34 85 22 8 30 79
100 3
29 2 67 80 31 11 62 85 67 44 51 28 22 38 24 89 44 96 67 34 18 64 65 58 71 31 10 70 41 13 41 91 1 38 59 97 85 49 77 16 33 31 55 22 31 85 58 62 49 56 58 7 67 39 56 53 77 58 29 6 37 43 55 71 62 25 20 53 52 67 2 22 43 97 19 73 97 52 82 55 49 91 4 43 82 51 52 94 91 79 86 75 50 56 16 22 49 49 83 76
100 3
7 7 25 41 63 65 45 72 16 17 54 44 65 2 50 91 15 44 15 24 90 41 87 61 43 83 74 96 90 31 21 76 57 54 6 88 69 50 52 84 94 70 52 36 70 68 88 83 29 22 37 56 95 23 94 77 82 64 3 89 6 89 87 54 96 91 33 89 40 67 77 34 34 98 73 66 65 71 93 61 57 20 13 84 23 21 11 30 52 38 92 39 20 8 31 27 57 92 16 1
100 3
10 20 77 83 32 68 53 4 23 74 23 29 70 62 22 38 23 83 56 23 41 98 65 18 63 59 18 80 3 1 96 72 77 70 26 77 79 35 31 69 30 26 67 19 13 47 74 4 14 82 92 23 23 50 68 35 38 53 9 89 79 17 89 79 44 29 55 11 59 40 82 28 84 82 35 38 71 86 54 35 28 65 80 83 95 95 20 17 49 20 17 53 92 56 37 64 32 98 5 69
100 3
54 53 66 29 92 31 34 61 2 89 78 29 10 21 10 77 14 29 8 83 17 32 71 14 1 74 26 95 95 35 91 29 58 17 68 96 7 8 17 7 83 35 76 19 26 47 47 46 74 66 1 39 70 20 11 95 59 56 20 35 50 17 95 98 53 83 3 89 89 74 47 35 95 14 57 34 2 53 92 86 11 91 5 86 70 14 98 32 83 10 14 54 26 92 95 40 95 53 98 22
20 3
86 34 38 32 58 91 38 41 55 8 50 71 22 11 98 86 8 97 58 11
100 3
89 74 85 23 11 34 77 8 28 29 95 5 74 92 98 47 35 7 73 23 71 86 89 52 58 71 98 83 47 83 50 8 42 5 64 98 47 56 16 51 2 76 71 71 32 71 98 57 77 23 43 8 4 41 32 55 59 83 59 95 62 74 35 53 64 83 56 21 52 20 47 62 47 74 67 23 71 86 67 53 29 8 14 13 22 13 77 14 77 2 29 11 93 1 56 86 16 32 53 13
24 3
49 22 52 73 32 52 25 13 91 5 47 52 70 1 95 2 46 29 61 83 76 4 55 70
100 3
16 30 19 53 44 64 56 67 61 58 10 31 90 47 38 14 91 85 25 62 4 34 80 64 84 65 79 91 19 97 58 94 5 40 73 40 85 8 49 34 16 80 73 89 88 25 65 61 50 94 40 79 97 31 43 64 74 80 62 83 27 38 2 38 66 65 37 31 91 61 28 82 80 31 70 26 55 13 19 21 82 17 84 40 52 11 88 77 57 86 84 17 95 82 28 74 40 55 4 17
16 3
71 61 34 27 79 3 23 89 94 6 44 49 42 68 19 5
23 3
48 89 98 40 53 90 80 68 25 16 57 2 44 46 80 71 49 61 5 56 29 70 55
100 3
29 95 80 4 32 62 14 17 55 2 81 8 17 85 17 10 49 97 14 62 65 43 95 17 48 33 7 38 55 89 11 59 71 72 53 5 86 32 39 25 29 17 68 64 67 2 24 89 85 21 79 12 20 11 47 25 35 65 97 23 74 20 34 98 49 69 21 74 80 65 29 85 98 80 35 55 1 10 4 26 79 2 47 77 86 25 2 53 65 82 95 53 97 61 38 41 23 71 58 21
100 3
22 62 89 23 43 16 21 59 16 56 95 59 66 65 50 83 65 84 26 50 53 98 23 89 81 19 7 8 65 28 23 17 5 41 80 2 95 68 77 25 58 88 25 85 23 44 77 40 22 82 29 92 43 37 83 25 77 94 47 64 58 8 53 56 94 89 68 27 19 43 78 6 35 1 28 70 34 17 56 50 29 28 23 83 38 14 55 22 40 38 32 78 65 7 40 62 40 81 83 32
100 3
64 77 34 95 25 11 46 77 51 76 58 28 37 91 70 22 22 4 34 23 18 40 92 29 67 58 14 64 43 88 67 90 10 27 95 65 28 1 25 25 85 28 70 74 59 88 59 47 4 35 13 37 67 93 10 61 11 64 89 52 65 49 61 73 62 22 64 68 88 1 22 37 46 29 64 72 60 19 46 91 31 94 20 43 31 91 28 88 61 84 41 53 13 16 16 29 1 57 19 62
100 3
83 13 38 19 17 28 80 91 31 49 32 55 59 29 88 68 26 32 14 31 31 58 41 8 34 56 71 5 73 68 5 14 8 43 35 56 49 80 8 29 25 32 74 91 59 23 11 20 8 59 34 22 88 65 8 34 1 59 67 28 23 82 40 82 55 68 11 49 79 31 49 80 89 85 74 44 23 14 52 67 38 32 70 76 58 23 49 20 8 26 64 58 89 50 83 16 88 23 16 85
